2 2 3
3 1
2 2
2 1 3
3 3
6
1 1 2
0
0
1 2 3
3
3 0
1 3 1
1
1 0 0
1 1 3
1
1
1 1 3
1
1
1 2 3
5
0 5
3 2 3
1 3 3
4 3
2 3 3
8 9
8 4 5
2 1 3
1 3
4
1 1 3
3
3
3 3 2
4 2 4
6 2 2
3 1 1
1 0 2
3
1 3 1
1
0 1 0
3 2 1
1 2 2
2 3
3 1 2
2 0 2
4
1 2 2
2
0 2
1 1 2
1
1
3 2 2
1 4 4
7 2
2 3 2
4 3
4 1 2
1 3 2
5
2 1 2
2 2 1
2 1
2 1
2 1 1
1 1
2
1 1 1
0
0
2 3 1
3 2
0 5 0
1 1 1
0
0
3 2 3
6 1 6
4 9
2 1 2
1 1
2
1 2 3
1
0 1
2 3 2
3 1
1 0 3
2 1 2
2 0
2
1 2 2
1
0 1
2 2 2
3 2
3 2
2 1 3
0 1
1
1 1 3
2
2
3 1 2
0 1 1
2
3 2 2
3 0 3
1 5
2 2 3
3 2
3 2
3 2 1
1 0 1
2 0
3 3 3
7 5 3
5 5 5
1 3 1
3
1 1 1
2 2 3
3 3
4 2
2 3 2
4 0
1 1 2
1 2 3
3
3 0
3 2 3
6 4 6
7 9
1 1 1
1
1
1 3 3
5
2 2 1
2 1 2
0 0
0
3 3 2
4 5 0
0 6 3
2 3 1
1 2
2 0 1
2 1 2
0 3
3
3 3 1
3 2 1
2 3 1
3 1 2
0 2 0
2
3 2 3
0 2 0
2 0
2 3 2
7 0
4 0 3
3 1 2
2 0 0
2
3 3 2
4 7 3
5 6 3
1 1 3
3
3
2 1 2
1 2
3
2 2 1
1 1
1 1
3 1 1
1 1 1
3
3 3 1
1 1 2
2 0 2
2 3 2
6 6
1 2 9
2 1 1
1 1
2
2 3 2
6 1
2 2 3
2 1 1
0 1
1
3 1 2
2 2 1
5
1 1 3
0
0
1 1 1
1
1
1 2 1
1
0 1
2 2 2
0 4
0 4
3 3 2
3 4 2
2 2 5
2 1 1
1 0
1
1 2 2
3
1 2
1 1 1
0
0
2 3 2
3 4
3 2 2
2 2 2
3 1
0 4
3 1 2
1 0 1
2
2 1 1
0 1
1
3 1 3
3 3 3
9
2 2 2
0 4
2 2
1 3 2
3
0 1 2
1 1 2
1
1
1 2 2
4
2 2
3 1 3
0 2 6
8
2 2 1
0 2
1 1
2 3 2
2 5
7 0 0
1 2 1
1
1 0
1 1 2
2
2
1 1 3
0
0
3 3 3
9 6 3
9 2 7
1 1 3
2
2
2 2 1
0 1
1 0
3 1 3
1 0 2
3
3 2 3
6 3 1
5 5
2 1 3
1 2
3
3 2 1
0 1 2
3 0
2 2 2
1 3
1 3
3 2 3
2 6 6
13 1
1 1 1
0
0
1 3 1
3
1 1 1
3 2 3
4 2 4
6 4
2 3 3
10 3
5 5 3
1 2 3
4
1 3
2 2 2
0 2
2 0
2 1 2
2 2
4
1 3 1
1
0 1 0
2 1 3
2 3
5
3 2 3
6 1 4
10 1
1 3 1
2
0 1 1
1 1 2
1
1
3 1 2
0 1 1
2
2 2 2
6 1
3 4
2 2 2
4 2
4 2
1 3 2
5
2 2 1
2 3 1
0 2
1 1 0
3 1 3
3 2 3
8
2 1 1
0 0
0
3 1 1
1 1 1
3
3 2 1
0 2 1
2 1
3 2 1
1 2 2
3 2
1 2 1
1
1 0
3 3 2
4 5 0
3 5 1
3 1 2
2 0 2
4
1 2 2
3
0 3
1 3 1
2
1 0 1
3 3 3
0 13 5
9 0 9
2 1 3
1 2
3
1 1 3
3
3
3 3 1
1 1 3
1 3 1
3 1 1
1 1 0
2
1 3 1
2
0 1 1
3 2 1
2 1 0
1 2
1 3 3
8
2 3 3
3 1 2
1 1 2
4
2 3 2
2 2
2 1 1
3 1 2
3 1 1
5
2 3 1
0 1
0 0 1
1 3 1
2
1 1 0
2 1 1
0 0
0
2 2 2
3 2
1 4
2 2 3
3 3
0 6
1 1 1
1
1
3 3 3
6 6 4
6 6 4
3 3 1
1 1 1
1 0 2
3 1 3
1 3 0
4
3 2 1
1 1 4
3 3
2 3 1
2 0
1 0 1
2 3 3
5 7
4 4 4
2 2 3
6 0
3 3
1 2 3
5
3 2
3 1 3
0 1 0
1
1 2 3
1
0 1
2 3 1
2 1
1 1 1
3 1 3
2 3 0
5
2 2 1
0 1
0 1
1 2 1
1
0 1
3 1 1
0 1 0
1
2 2 2
1 1
1 1
1 2 1
1
1 0
2 2 2
1 4
3 2
3 2 1
1 1 1
2 1
3 2 2
4 2 4
4 6
1 3 3
3
0 2 1
3 1 3
0 0 2
2
3 1 1
0 1 0
1
1 3 2
3
0 2 1
3 2 2
2 4 2
4 4
3 2 2
4 4 4
1 11
1 3 1
3
1 1 1
1 2 3
2
1 1
1 2 2
4
2 2
1 2 1
2
1 1
1 2 2
4
2 2
3 1 3
1 2 1
4
2 2 3
3 4
5 2
3 2 2
2 2 4
4 4
2 3 1
3 1
1 1 2
2 3 2
6 5
8 3 0
3 3 2
2 2 3
1 5 1
2 2 1
1 0
0 1
3 3 1
1 2 3
3 1 2
1 1 2
1
1
3 1 3
0 1 2
3
1 3 2
3
1 1 1
3 3 3
7 3 3
3 3 7
3 3 2
2 5 6
5 3 5
3 2 1
1 0 1
1 1
2 3 1
3 2
1 2 2
1 2 1
2
1 1
3 1 1
0 2 1
3
3 2 1
0 1 1
2 0
2 1 2
1 2
3
1 1 3
1
1
2 1 2
1 2
3
1 1 2
2
2
1 3 2
6
2 2 2
2 2 2
4 3
4 3
1 1 2
2
2
4 2 3
0 0 2 5
2 5
4 6 5
15 26 23 10
23 7 13 18 8 5
4 4 4
9 5 9 10
8 9 3 13
2 1 1
1 1
2
6 4 1
1 1 0 4 1 2
2 3 3 1
4 3 3
8 11 2 6
10 11 6
6 6 4
17 10 12 10 12 9
12 8 14 7 16 13
6 5 3
13 7 8 4 6 16
2 6 16 17 13
5 3 2
3 3 4 0 2
5 3 4
2 1 3
0 2
2
2 1 4
1 2
3
1 2 5
8
4 4
2 6 2
8 4
2 2 2 2 2 2
5 4 1
2 4 2 2 0
3 2 0 5
1 5 2
4
1 1 1 1 0
6 2 4
8 4 0 3 2 9
19 7
4 3 4
7 11 4 8
10 8 12
1 5 4
12
2 2 0 0 8
6 4 5
8 4 17 8 12 12
19 12 10 20
5 3 5
0 5 10 11 10
6 14 16
1 1 5
5
5
2 2 5
7 4
9 2
6 3 4
4 4 8 6 2 6
14 9 7
1 4 1
2
0 1 0 1
5 1 3
1 2 0 1 3
7
6 2 1
0 0 2 1 2 2
6 1
4 3 4
6 8 5 2
7 4 10
6 6 3
10 9 7 18 14 16
1 10 41 5 9 8
4 1 2
2 1 1 1
5
5 1 2
1 2 1 1 0
5
2 3 1
3 3
2 2 2
5 6 5
22 15 25 15 30
70 4 1 5 21 6
5 4 5
16 3 9 15 2
11 13 9 12
6 6 3
40 3 1 6 6 14
16 12 10 14 4 14
5 5 2
3 4 6 6 9
6 8 4 7 3
3 5 1
3 1 3
1 3 2 1 0
1 3 4
4
2 1 1
1 4 2
3
2 0 0 1
4 4 2
3 0 4 7
2 4 4 4
1 2 2
3
1 2
4 1 2
1 2 0 0
3
4 5 5
17 7 4 21
14 15 2 16 2
2 2 4
2 5
6 1
4 5 3
7 17 3 2
7 8 3 9 2
5 5 5
8 16 11 16 7
9 16 14 12 7
1 5 3
13
4 3 3 3 0
5 6 5
8 16 15 17 9
8 2 20 11 8 16
5 3 4
9 5 7 0 12
19 3 11
4 4 1
3 2 3 2
3 1 2 4
2 3 5
22 1
7 9 7
6 1 2
1 2 0 2 2 1
8
3 1 5
10 2 1
13
4 2 4
7 2 8 4
9 12
3 6 5
11 14 15
11 4 1 1 15 8
6 4 3
9 9 2 6 4 6
7 9 11 9
5 4 3
13 7 8 7 1
2 12 13 9
2 1 2
2 0
2
4 5 2
10 7 3 4
5 0 2 14 3
6 5 4
9 16 7 12 10 5
6 14 10 20 9
2 3 4
18 0
5 5 8
6 3 1
1 2 2 2 2 0
3 3 3
5 4 3
0 5 2 3 11
1 4 8 8
6 2 2
4 0 2 1 2 4
6 7
5 4 2
4 4 3 16 6
9 6 10 8
4 4 1
2 1 2 2
2 1 2 2
4 6 4
17 1 41 13
8 10 9 15 15 15
5 2 2
1 1 0 1 1
2 2
3 1 3
0 4 2
6
6 1 3
3 2 3 2 1 3
14
6 2 4
0 1 7 0 7 11
7 19
5 4 1
2 2 1 0 2
2 3 1 1
2 3 4
1 11
1 4 7
1 3 3
1
0 1 0
3 4 3
4 8 2
0 3 8 3
3 2 4
4 3 0
6 1
3 5 4
22 13 2
0 4 12 10 11
6 3 4
7 9 11 3 9 9
16 16 16
6 2 4
2 0 5 11 6 1
17 8
3 3 2
3 1 3
3 2 2
3 6 4
16 35 2
12 5 10 8 9 9
6 4 3
9 7 6 1 6 2
7 9 9 6
3 6 1
1 3 4
0 5 0 1 0 2
2 3 3
9 6
5 6 4
2 6 1
8 1
1 2 2 2 2 0
2 4 4
6 7
7 1 3 2
3 4 1
3 2 1
0 1 3 2
3 6 1
1 3 2
0 2 0 2 1 1
3 3 5
5 0 28
15 6 12
5 2 4
2 3 8 4 3
9 11
2 6 5
16 25
7 6 5 1 0 22
3 5 4
13 6 12
11 4 6 5 5
5 2 3
6 3 5 0 4
1 17
2 6 2
6 7
1 3 2 1 4 2
3 4 3
0 20 4
3 7 6 8
2 3 4
10 6
4 8 4
4 4 4
8 15 9 1
9 7 2 15
4 1 4
0 1 3 3
7
2 3 2
4 6
3 1 6
1 6 1
4
1 1 0 1 0 1
5 2 5
0 6 4 10 8
5 23
50 57 2
56 61 58 45 49 49 68 64 59 74 56 58 58 57 55 63 60 48 58 55 70 58 61 55 62 57 49 58 59 53 55 54 55 55 63 70 56 60 53 63 61 54 51 56 59 47 58 57 52 56
58 50 54 48 59 56 46 55 60 46 48 59 40 33 58 49 49 47 46 51 59 39 47 58 56 47 44 46 61 56 51 42 55 50 51 46 47 51 50 53 48 44 49 50 63 49 45 46 43 53 53 49 49 54 52 51 49
54 57 2
79 88 82 5 97 97 54 40 25 100 9 80 57 62 10 73 101 44 59 12 83 54 85 79 46 31 113 91 72 6 107 54 62 88 7 17 97 81 88 65 90 56 98 53 79 40 28 38 85 112 83 101 86 102
23 106 72 54 46 25 23 71 21 104 20 104 19 75 97 51 108 98 51 16 16 61 101 74 2 24 85 30 62 51 5 107 46 87 68 73 17 520 31 91 26 76 78 28 38 106 29 6 75 96 1 33 76 35 41 6 66
51 53 2
53 42 51 61 43 48 60 50 55 51 58 49 56 62 44 55 49 57 52 49 61 55 51 49 51 52 52 46 40 54 57 52 55 50 47 56 41 41 49 40 50 50 58 56 53 52 49 57 52 54 65
46 54 51 51 41 52 43 64 61 48 44 49 45 45 45 49 57 44 50 57 56 48 39 62 45 57 56 48 50 52 43 53 46 55 42 43 59 56 49 47 56 49 53 41 51 42 46 55 57 47 42 49 50
56 56 1
49 39 7 33 12 44 32 50 24 29 16 42 34 3 30 50 1 33 4 45 16 25 0 43 13 10 8 50 4 37 52 46 47 10 38 25 48 15 17 35 41 28 24 52 44 44 20 44 53 41 44 29 53 53 8 47
20 45 13 54 34 53 1 22 19 15 27 53 10 22 31 17 2 12 24 31 23 353 41 16 17 55 29 29 8 4 0 24 10 32 1 29 29 38 11 32 55 1 56 2 45 55 34 1 14 31 43 17 53 9 38 1
53 50 2
49 54 52 50 51 43 53 57 52 44 43 39 59 44 53 55 53 52 51 49 58 58 57 47 55 57 54 42 55 43 54 48 40 48 48 54 58 41 49 44 53 47 50 45 57 58 45 49 48 54 52 66 51
57 46 53 47 53 56 53 66 53 44 56 47 59 47 54 54 54 56 58 54 56 51 52 53 51 54 50 44 48 60 63 49 57 52 56 44 64 54 53 56 55 52 48 57 53 59 61 56 62 51
58 59 1
58 20 52 56 42 50 5 41 26 18 9 40 40 54 47 2 37 35 2 13 24 51 13 18 11 0 38 19 39 16 20 9 11 11 147 55 44 23 39 28 19 22 49 22 51 29 9 24 21 22 35 17 2 19 40 45 16 25
19 19 46 18 27 58 56 36 53 0 13 50 5 12 3 57 52 26 52 30 3 4 37 31 39 15 15 32 28 43 39 36 10 18 40 11 27 15 57 4 49 47 26 22 31 44 29 34 56 3 23 24 38 52 1 12 9 37 57
51 59 1
23 33 35 22 29 28 27 34 29 30 29 30 32 33 28 30 26 29 22 32 32 34 27 26 29 35 35 32 27 31 31 33 27 33 29 29 30 31 33 32 31 33 33 27 27 27 36 24 28 37 24
24 20 19 23 34 26 27 25 22 28 27 27 27 23 18 29 22 22 28 24 22 27 24 31 25 27 26 29 32 24 19 29 24 25 29 23 23 26 35 31 24 29 30 23 27 26 26 24 24 29 26 24 30 28 23 25 25 33 22
59 57 1
4 49 18 34 8 5 18 9 12 11 47 17 4 28 14 35 16 20 23 5 17 33 6 16 29 3 49 47 49 21 31 37 1 50 35 41 47 104 6 6 23 43 57 28 49 7 1 39 34 56 28 29 49 49 36 37 42 0 10
40 44 41 30 37 42 50 53 50 23 20 21 1 14 23 7 53 54 3 31 0 46 2 40 8 28 0 11 57 17 26 34 39 3 26 41 49 12 45 24 21 39 22 52 16 13 57 54 4 33 43 20 28 3 45 15 12
51 50 2
48 46 45 46 53 52 43 52 41 48 61 46 46 54 42 51 49 50 54 61 50 56 54 48 36 43 43 56 50 47 50 57 51 47 54 58 58 38 37 48 55 57 49 48 55 54 49 39 50 59 40
47 53 48 56 53 51 44 51 51 41 53 55 46 50 57 54 53 48 52 50 49 56 51 42 53 45 48 55 53 44 57 53 61 47 48 53 52 37 63 55 44 58 47 43 52 53 42 45 48 57
50 54 2
30 657 70 100 20 59 94 11 82 36 8 35 43 51 2 32 16 42 1 95 88 51 5 15 20 80 13 98 43 56 17 33 99 38 73 13 81 12 47 23 81 32 6 44 62 66 0 87 100 5
8 92 32 3 94 33 34 31 53 89 58 64 18 71 44 93 52 58 48 67 0 91 79 76 11 35 40 65 90 39 71 73 7 33 78 72 82 97 80 51 3 62 39 8 0 89 85 73 42 5 1 66 100 87
58 59 1
26 29 30 33 28 35 27 33 35 25 24 32 26 34 30 22 33 28 25 26 27 28 28 29 28 23 27 28 27 33 33 32 24 27 28 32 33 26 27 29 27 37 26 28 31 30 20 27 30 38 25 25 32 29 28 28 32 24
36 27 18 26 30 33 30 21 31 33 32 32 26 26 31 27 24 34 35 31 29 30 30 34 23 24 33 24 24 26 25 30 28 31 28 25 28 27 25 28 32 30 26 31 32 19 23 28 24 33 33 23 30 25 27 30 28 26 32
53 55 1
2 34 25 21 10 19 16 42 24 6 33 44 52 4 5 38 30 10 4 7 28 14 16 36 32 8 41 41 6 37 10 39 20 2 36 37 11 31 34 16 38 17 52 21 49 4 146 41 3 25 29 39 6
13 6 5 3 2 33 32 39 32 14 16 45 47 39 12 4 26 37 32 29 52 24 7 21 11 4 23 37 20 44 45 37 10 43 39 26 1 34 5 30 44 3 0 26 47 15 33 32 34 11 26 21 24 44 52
50 54 1
30 22 23 28 31 29 29 24 28 27 32 27 26 29 23 29 26 25 27 21 31 27 29 30 26 25 32 28 28 26 22 28 33 26 29 28 28 26 30 24 26 34 25 25 30 26 31 23 25 24
27 20 26 24 25 21 31 23 32 27 27 25 25 20 35 19 19 31 19 25 30 29 25 25 27 22 26 19 31 22 29 21 24 30 26 25 24 29 26 23 31 25 23 22 23 21 25 31 29 24 24 22 27 20
51 56 1
2 12 18 44 37 5 4 51 53 46 30 16 21 13 2 56 5 46 37 46 14 3 41 55 37 43 32 25 49 13 37 20 23 5 8 44 7 55 49 46 24 20 22 4 23 0 55 22 31 54 17
2 7 50 18 8 16 38 15 5 22 0 4 240 13 8 23 11 22 26 24 51 31 19 32 14 4 0 41 46 23 10 24 42 31 17 18 10 45 18 27 10 7 22 28 25 49 29 36 50 9 3 14 24 14 30 17
57 55 1
33 23 31 29 21 29 29 22 25 29 24 39 30 21 31 28 32 24 31 20 26 28 24 29 23 31 29 30 24 31 29 30 29 20 30 35 34 27 24 29 29 26 25 29 20 36 24 25 28 22 24 30 31 26 26 27 23
25 27 31 24 27 33 20 28 33 29 28 26 31 34 31 29 24 32 31 33 20 22 28 31 33 29 25 34 33 32 32 29 29 27 30 35 31 32 30 27 23 24 21 24 29 27 26 26 28 31 27 30 31 25 27
51 50 1
9 16 10 18 37 12 47 30 43 23 22 36 42 35 42 20 0 15 33 30 42 0 33 15 13 26 41 42 43 1 24 38 41 14 31 44 12 6 4 0 27 47 13 21 33 13 18 8 14 43 47
4 42 17 32 39 44 18 8 28 15 47 37 32 46 46 28 24 11 3 23 49 1 17 20 49 51 4 7 26 19 2 6 31 43 27 27 25 6 4 6 11 22 51 28 17 28 33 27 45 48
58 50 2
44 46 57 58 41 53 54 52 46 39 42 59 50 56 58 42 47 49 58 51 53 37 51 49 55 58 42 50 42 50 47 57 49 50 49 59 53 57 48 51 44 47 44 41 50 48 48 54 54 49 57 44 55 57 46 46 50 55
60 64 56 60 50 68 71 60 61 67 56 55 58 59 55 51 61 64 68 55 43 57 64 61 63 48 48 56 63 59 52 58 63 64 61 68 52 64 56 61 61 51 49 53 59 68 52 53 43 49
57 56 1
26 55 2 48 8 27 33 37 21 7 41 53 25 36 10 34 26 11 17 20 50 21 9 9 55 7 9 10 53 18 12 35 45 241 40 40 40 39 35 37 8 2 3 33 38 47 28 1 20 21 5 28 50 13 51 17 47
45 51 49 15 29 35 0 1 33 9 22 32 40 43 39 24 27 17 57 8 52 55 21 17 53 53 47 1 31 18 30 31 26 40 10 38 38 50 29 9 31 20 1 9 41 38 50 36 54 18 49 32 6 47 48 49
50 56 1
27 29 30 34 24 29 40 37 19 24 27 25 27 29 27 28 32 24 27 32 25 27 27 27 31 27 33 33 29 27 31 31 32 31 33 23 26 26 32 29 34 28 30 23 31 29 31 29 24 34
20 28 27 25 21 27 21 25 22 28 29 20 27 26 29 28 30 24 26 21 24 24 27 23 35 25 27 31 22 30 31 26 24 25 25 21 27 26 26 25 21 26 29 28 21 22 27 28 29 29 18 27 29 24 25 33
56 51 2
29 74 4 53 17 10 56 62 98 21 66 62 81 11 1 43 77 7 44 76 48 34 16 88 33 52 4 80 64 28 68 89 51 50 15 30 37 40 72 69 97 69 70 26 59 62 94 21 16 67 90 102 66 179 100 72
32 18 55 15 112 74 84 6 6 28 22 71 94 79 80 60 42 75 17 105 99 40 39 90 7 87 97 99 55 5 6 77 83 100 10 89 96 98 42 91 78 36 108 23 70 86 77 60 34 66 27
57 59 1
28 29 31 28 31 27 24 25 29 22 30 31 34 32 31 28 23 30 33 30 30 27 32 26 30 28 29 29 27 28 28 25 30 28 35 27 23 26 26 28 21 26 27 30 29 33 21 32 26 36 27 23 22 29 35 34 29
29 30 26 22 25 24 16 29 29 27 24 25 31 30 22 30 28 22 30 22 36 27 34 22 41 33 34 28 31 27 18 23 30 25 26 31 27 22 28 28 25 26 26 31 33 27 31 28 29 27 27 26 28 25 26 31 27 29 24
50 55 2
7 26 107 98 109 24 68 100 49 52 106 92 69 54 23 55 48 89 33 91 40 6 95 47 31 1 17 126 25 110 95 76 68 93 47 48 29 50 34 40 12 40 104 90 26 7 48 33 12 110
99 69 8 97 48 89 77 47 0 68 96 11 69 2 76 15 83 54 17 70 45 63 5 71 31 23 16 95 90 90 82 40 32 33 41 34 62 85 48 4 81 47 54 64 71 7 27 24 59 62 76 25 82 5 91
58 52 1
21 28 24 22 30 28 32 28 26 24 28 21 29 23 26 24 23 36 27 26 27 25 22 30 30 31 26 22 28 29 32 25 26 32 32 26 27 27 23 19 22 20 27 25 17 31 30 28 28 29 28 18 23 27 26 20 25 22
30 28 37 30 29 30 31 21 26 32 29 27 23 32 34 27 22 31 33 26 26 33 34 28 39 27 32 30 24 26 28 27 26 28 26 32 28 35 30 27 30 29 29 22 30 23 26 39 29 34 26 30
50 58 2
67 26 113 75 62 69 1 109 106 34 110 91 110 53 51 67 85 69 9 100 89 82 14 44 101 26 87 88 30 113 14 62 79 49 3 105 42 29 113 16 19 41 104 46 37 18 111 4 17 50
45 66 24 56 97 78 42 23 95 55 74 80 62 63 3 97 36 30 49 57 38 39 41 10 7 28 4 74 55 202 53 47 65 43 7 78 35 9 97 53 45 75 51 5 87 9 19 22 31 89 11 88 68 64 7 89 86 77
59 57 1
27 28 30 24 28 22 22 24 28 28 22 24 31 27 30 32 28 27 29 29 31 27 35 28 35 23 29 24 30 32 22 27 30 28 27 28 25 25 29 29 31 31 32 18 30 35 34 32 30 33 22 27 32 32 28 35 28 29 28
21 29 26 32 25 28 27 32 27 29 37 24 30 22 31 32 36 37 31 31 34 35 25 30 27 30 33 28 20 35 28 34 26 30 28 32 27 28 34 30 27 27 27 24 32 29 38 24 29 29 34 26 34 26 29 28 27
56 56 2
63 65 106 20 91 98 98 52 39 26 50 87 30 1 93 105 10 102 60 112 111 33 23 110 97 59 83 109 38 24 2 104 61 0 17 54 100 36 43 12 13 108 85 88 18 28 57 82 47 97 27 43 9 92 10 93
108 55 94 32 44 74 101 67 112 36 67 41 49 95 53 97 8 69 88 6 12 97 40 0 51 37 71 27 27 100 33 99 24 68 21 49 1 30 97 16 24 27 220 26 75 21 31 88 59 78 67 100 75 76 52 106
56 58 2
59 63 47 49 50 61 66 54 59 68 65 64 52 68 58 58 43 53 58 57 56 54 61 64 59 48 48 57 49 67 54 59 53 57 54 55 68 58 64 52 48 59 55 53 66 59 49 51 53 62 61 58 68 60 57 46
49 58 59 59 51 62 47 62 55 47 60 51 51 68 50 59 42 57 55 61 54 58 58 55 50 58 64 46 49 61 49 53 51 63 63 51 50 58 52 58 62 43 65 53 51 64 44 49 49 55 59 56 59 57 53 61 52 58
57 53 1
52 37 6 2 30 46 10 23 14 31 18 14 38 20 30 17 9 30 4 20 25 35 50 18 0 27 33 35 9 38 421 32 29 20 2 28 24 9 9 20 6 7 49 15 5 40 42 12 10 49 25 17 23 20 3 52 53
55 26 8 47 51 43 39 54 47 56 55 49 55 0 41 11 12 49 39 23 3 35 3 19 1 33 14 8 45 36 42 10 24 17 54 33 34 22 42 53 43 31 53 31 40 28 52 19 44 0 57 9 48
57 59 2
64 78 59 48 52 56 48 63 62 59 54 57 57 64 50 58 63 56 74 50 59 54 58 65 50 55 60 48 60 67 53 64 37 62 55 52 59 53 64 56 62 71 67 57 65 54 55 50 57 64 52 50 58 51 62 68 59
58 53 56 57 57 52 55 59 61 61 61 56 53 58 56 47 48 61 58 53 42 64 57 55 47 63 53 51 56 64 57 47 58 57 54 62 58 56 62 52 55 54 51 62 64 61 51 56 56 65 63 47 58 50 55 61 56 49 56
59 52 1
46 9 21 51 49 48 48 10 26 52 31 3 9 5 38 52 18 36 43 47 3 12 24 13 32 21 7 50 47 49 41 48 11 22 5 28 128 37 49 36 48 21 30 42 16 13 48 31 27 52 6 4 17 12 6 45 17 42 51
1 28 55 59 20 55 6 51 59 53 28 15 33 47 18 3 59 52 42 48 39 59 49 53 50 37 0 46 52 36 53 29 43 31 19 59 9 46 33 44 46 40 8 52 1 11 16 19 21 36 24 40
57 59 1
33 25 29 22 26 24 35 32 37 36 29 32 33 29 29 33 26 29 29 29 25 33 26 25 33 34 28 30 28 28 36 29 31 30 36 31 32 29 32 28 37 34 29 32 26 26 30 32 35 29 26 27 33 34 28 32 21
27 26 28 28 31 30 25 23 32 22 24 27 31 27 29 31 30 31 24 32 36 29 33 26 31 26 24 31 30 32 34 32 26 30 29 24 28 35 30 25 36 28 30 24 27 32 32 25 33 31 26 17 35 37 30 28 26 28 38
57 52 1
40 4 50 25 23 10 34 35 46 37 50 7 41 28 37 43 39 44 22 33 46 31 38 11 47 20 8 33 7 5 2 6 43 44 52 18 31 11 21 17 29 38 13 15 16 21 27 50 40 42 9 18 37 11 31 31 10
54 44 22 26 48 15 7 4 7 52 22 56 35 30 11 11 8 26 23 20 57 47 23 10 38 53 37 38 9 37 35 13 11 12 53 86 52 44 15 35 50 37 21 50 12 12 40 16 3 43 53 14
52 50 1
26 28 30 22 25 30 25 26 22 20 28 22 27 19 25 31 23 27 23 24 28 22 21 26 30 21 24 21 23 24 24 22 27 26 23 24 31 22 22 33 33 30 20 21 24 26 18 25 23 21 27 29
29 26 24 21 23 25 28 26 22 24 26 27 27 26 21 23 26 28 33 22 25 27 23 36 26 28 27 25 30 24 27 19 29 30 32 21 25 31 21 26 24 25 27 27 29 24 22 21 31 25
53 59 1
57 45 9 37 7 45 59 22 17 58 36 40 38 28 25 5 0 4 42 31 24 32 29 28 37 20 53 34 24 57 51 43 2 3 29 54 3 6 29 6 10 16 57 15 40 2 48 35 33 48 47 15 45
4 14 36 17 306 4 18 20 21 40 8 24 5 4 2 7 36 21 33 44 14 17 32 17 32 1 10 4 42 7 32 38 33 17 8 33 46 32 41 7 8 38 24 10 2 20 38 45 2 23 20 39 14 53 18 44 20 32 3
50 59 1
28 27 32 30 29 29 31 35 27 27 27 25 29 28 29 32 26 25 31 28 28 35 29 28 35 32 30 29 23 30 28 28 25 32 26 35 33 29 33 30 32 26 26 31 30 27 25 33 32 27
18 22 17 28 26 23 22 22 33 22 22 22 22 23 25 22 23 23 20 27 25 26 25 27 26 21 27 27 26 24 22 27 23 23 26 32 22 20 27 27 28 34 23 24 26 25 25 24 25 28 24 28 32 24 20 25 28 31 23
50 53 1
45 13 25 49 24 51 48 20 32 31 20 15 50 36 8 15 7 32 19 37 5 10 41 27 9 12 9 30 35 36 39 17 4 2 26 18 49 39 5 27 141 11 34 51 24 40 14 6 15 44
5 9 7 50 30 22 4 43 1 12 31 24 14 46 44 10 50 33 25 21 0 48 30 19 13 49 36 49 43 49 35 21 38 17 15 46 26 37 15 0 15 27 22 37 0 49 24 45 10 31 24 25 21
52 52 1
28 29 25 26 26 23 23 28 25 19 24 30 28 29 23 27 25 32 22 29 29 33 37 36 30 25 28 27 25 27 29 26 26 22 19 27 28 30 30 21 26 23 23 30 30 21 24 23 29 24 17 19
31 23 19 28 25 33 29 17 26 29 20 26 30 26 29 24 23 26 23 27 27 21 20 29 18 28 29 28 27 30 31 25 22 28 31 25 30 29 34 27 28 24 24 25 26 26 26 23 28 24 30 28
59 57 1
57 48 49 30 9 24 24 2 52 56 19 18 23 19 47 23 5 29 53 9 45 48 48 48 2 47 13 33 44 26 23 5 40 55 15 38 31 11 8 33 50 35 57 45 51 37 44 7 37 26 44 9 47 31 8 26 14 20 13
30 22 7 14 52 15 51 48 26 57 49 41 1 22 6 1 54 48 35 29 29 23 5 38 6 46 25 47 37 97 3 52 24 45 52 1 45 46 57 7 49 56 30 17 25 23 51 13 7 17 34 56 19 18 38 23 41
55 56 1
33 27 23 31 30 26 33 31 35 29 28 31 24 23 32 21 28 25 33 26 25 33 29 29 25 30 26 29 25 33 34 29 24 28 29 30 30 19 30 25 29 26 32 25 23 30 25 27 33 22 31 33 28 34 21
22 33 26 29 25 31 24 31 27 33 27 30 25 31 27 34 28 24 29 25 29 24 20 32 29 28 26 24 29 28 26 27 26 29 24 31 35 23 30 32 25 22 28 31 23 26 25 30 26 31 24 28 26 30 29 33
50 58 1
30 31 55 17 46 29 46 52 20 24 57 35 30 33 13 51 49 43 0 43 21 11 58 4 11 6 14 51 8 9 23 51 46 52 0 11 4 12 25 31 36 2 3 38 36 39 55 52 37 20
35 29 50 20 44 28 47 25 23 23 29 19 25 29 41 38 36 38 5 14 8 34 13 38 10 47 20 42 4 3 20 31 14 30 17 6 39 0 8 12 40 31 4 0 15 14 29 37 43 45 17 33 4 5 38 25 47 49
56 54 1
28 30 28 26 30 35 30 25 23 27 28 27 18 30 28 26 28 25 23 31 21 28 25 27 29 24 31 29 29 35 30 31 26 25 22 24 28 25 32 30 29 23 26 24 31 24 33 23 32 29 27 25 28 31 28 30
34 27 27 30 29 35 35 31 36 29 23 31 25 36 28 32 34 27 30 22 30 29 24 32 28 21 20 25 28 33 25 25 26 32 25 29 29 25 30 22 30 31 35 32 29 25 30 26 26 28 28 26 28 27
51 59 1
24 42 58 53 1 40 101 12 44 7 44 39 15 20 10 10 58 57 7 22 58 23 5 14 53 4 14 21 47 14 56 8 43 9 49 1 34 22 24 15 27 59 40 54 45 25 43 9 49 47 17
10 10 9 42 14 37 36 33 30 12 28 7 49 16 44 8 47 43 29 4 42 7 2 8 27 40 17 50 38 10 41 50 29 18 19 19 42 38 19 38 8 0 9 44 48 44 4 26 37 36 33 44 40 4 30 30 44 21 29
59 52 1
27 23 28 32 28 28 28 28 35 27 29 26 27 26 26 33 23 28 20 26 33 30 37 21 21 21 26 19 31 27 24 17 26 23 21 27 21 23 25 22 23 24 29 26 26 25 29 31 23 24 29 20 26 18 25 32 25 30 25
29 31 25 23 28 34 23 30 36 29 30 30 28 29 28 30 34 32 35 32 29 29 26 32 32 32 32 31 25 28 30 26 29 36 32 24 25 27 29 26 28 34 26 27 25 33 31 35 24 32 32 30
51 56 2
54 80 64 111 13 58 106 77 91 3 81 41 63 73 20 105 72 97 41 65 109 99 52 39 20 2 107 52 36 84 74 67 68 63 56 25 78 80 36 75 46 99 38 74 84 92 36 72 104 7 93
54 89 67 86 79 21 17 10 7 842 41 42 98 102 27 68 18 5 68 41 5 72 37 54 17 33 18 81 90 90 80 19 12 35 3 84 3 72 28 17 74 33 27 57 19 34 86 24 29 40 36 78 27 7 57 22
57 59 2
59 58 50 56 53 68 45 66 59 51 58 54 55 58 61 49 52 60 68 59 55 47 59 58 50 49 60 43 61 49 62 53 54 52 59 61 61 76 57 60 42 62 57 69 57 59 64 59 59 59 56 54 52 58 48 58 62
57 53 51 64 54 57 43 56 46 57 48 54 59 57 56 56 54 61 56 55 56 70 41 54 43 61 51 53 49 60 52 53 54 52 58 53 57 54 48 56 55 56 62 52 55 61 62 63 59 53 49 59 69 42 54 55 56 57 52
50 52 2
92 38 86 12 28 58 71 18 64 41 66 14 58 9 95 4 10 101 78 101 85 80 59 51 25 16 28 11 61 95 15 34 17 58 27 15 47 36 69 79 29 1 62 50 56 39 93 40 49 60
51 70 76 79 91 13 24 15 12 57 63 56 2 30 3 12 25 10 12 45 52 83 51 44 86 47 94 12 22 37 43 19 88 74 98 5 1 80 82 33 64 6 48 21 49 81 71 95 100 17 41 41
52 52 1
28 29 27 26 29 23 23 24 30 29 25 19 21 23 24 24 31 26 26 23 23 25 19 28 25 28 24 34 24 30 26 28 27 18 30 28 30 26 27 22 31 24 27 24 27 23 21 24 26 29 23 23
29 29 25 20 28 27 26 32 29 23 28 23 29 32 26 29 26 28 28 26 25 27 25 24 27 24 28 24 28 27 23 22 23 28 27 24 24 25 28 28 24 25 22 23 18 18 25 25 27 22 24 27
54 54 1
26 23 36 3 6 9 23 0 31 46 13 31 32 3 48 3 48 21 51 15 23 16 39 31 0 30 25 10 52 34 19 39 36 35 40 12 34 0 37 38 44 37 11 19 6 12 35 9 36 36 20 48 26 35
5 24 26 9 5 6 27 10 25 15 47 45 52 54 28 19 13 30 47 21 44 49 5 32 43 2 9 43 11 47 36 5 47 18 24 38 46 0 17 29 42 40 20 23 21 4 7 18 50 37 28 17 8 24
58 52 2
61 58 49 57 59 57 54 53 57 46 41 48 64 54 51 51 49 57 54 49 50 59 47 50 60 54 61 46 52 47 45 48 51 53 50 52 50 51 57 44 53 53 49 55 50 49 47 52 40 50 54 58 53 53 48 51 44 43
63 53 63 55 57 69 60 42 55 65 61 50 51 57 48 48 59 50 64 65 48 66 61 67 65 52 60 63 60 62 54 46 64 61 54 48 48 62 54 58 58 51 57 71 63 54 47 46 67 65 60 71
56 58 1
7 28 44 8 26 24 16 32 21 39 25 25 45 37 55 10 68 27 2 53 13 55 36 7 19 37 26 26 11 20 40 23 2 39 44 46 1 32 16 37 21 4 49 24 48 34 12 7 17 7 38 21 17 3 16 50
31 47 13 0 20 14 14 9 41 17 55 2 39 38 1 52 14 23 38 29 43 2 20 17 5 15 15 19 8 7 56 26 50 43 45 47 52 42 26 2 12 38 6 49 26 22 16 55 2 19 28 30 43 9 14 53 1 30
51 56 1
22 29 24 21 26 25 31 27 24 29 29 24 21 25 22 28 26 23 30 27 34 27 25 30 25 30 29 29 26 34 28 28 27 25 26 28 31 28 30 24 27 34 26 25 29 27 30 28 25 29 23
26 25 24 18 19 24 23 25 24 23 21 21 22 26 22 29 25 26 26 32 26 19 30 22 28 20 25 25 25 26 26 32 23 25 22 29 28 29 27 22 22 23 28 27 19 27 29 20 28 27 25 27 28 18 20 22
50 54 2
1 64 81 61 101 32 49 22 78 48 76 39 93 69 94 7 77 50 64 86 11 70 88 58 12 13 26 91 76 68 85 47 54 5 4 20 92 46 8 15 61 8 73 95 99 23 47 15 39 22
32 40 69 85 3 12 14 15 55 215 31 51 20 35 78 71 66 38 18 40 68 52 76 6 14 50 5 62 6 21 36 84 65 88 91 28 26 95 9 38 59 2 22 62 99 80 14 59 72 73 21 8 25 59
54 51 2
40 49 44 54 54 61 47 50 43 48 63 55 57 50 49 50 39 56 41 50 60 55 56 54 42 58 47 47 46 49 41 56 41 41 52 44 54 50 50 58 50 55 56 47 54 50 64 44 49 52 56 53 58 40
66 63 63 56 58 51 55 47 43 60 46 50 60 43 48 45 55 54 57 55 61 53 50 51 58 49 52 54 40 59 52 53 52 47 62 59 54 53 53 49 57 59 54 57 57 52 55 50 59 45 48
53 57 2
40 29 27 92 78 60 22 61 67 10 40 83 15 0 23 64 103 455 27 40 43 0 0 79 70 25 42 10 2 70 110 70 21 105 45 78 71 72 26 77 11 21 111 13 41 113 10 25 44 61 44 57 91
103 105 38 36 58 50 43 97 103 50 70 82 3 18 49 47 36 88 94 73 105 7 70 78 8 13 24 88 74 32 20 17 36 102 82 17 38 73 94 14 11 46 10 4 84 64 34 94 11 51 66 34 84 79 72 9 6
55 56 1
29 26 21 30 28 23 29 31 32 24 32 26 34 24 26 32 25 30 24 33 30 25 30 28 32 31 29 32 31 24 25 31 24 29 31 19 22 26 33 28 28 37 27 29 32 25 28 38 31 28 23 28 29 28 26
25 32 31 31 26 30 26 32 24 22 24 31 32 28 29 29 29 30 21 22 29 29 28 26 34 26 23 18 25 30 20 32 28 29 26 25 31 28 21 30 26 27 30 32 24 33 30 30 38 32 23 27 33 21 29 29
56 56 2
34 75 75 23 90 18 24 66 110 13 14 79 25 76 6 49 70 43 9 32 153 79 48 90 91 30 104 17 76 16 67 103 58 35 19 51 18 109 94 28 44 62 5 48 15 20 79 85 106 63 49 76 14 99 60 30
18 85 106 95 106 89 15 30 39 104 31 47 109 99 110 105 13 5 106 98 4 23 21 24 89 26 10 106 29 20 34 51 110 15 73 36 30 108 100 1 36 52 77 50 71 8 62 34 68 74 10 74 64 38 33 1
55 50 1
29 27 28 27 27 26 27 24 24 26 25 31 23 23 29 26 21 23 27 20 23 27 24 28 30 22 27 25 26 28 23 27 21 22 23 25 24 22 25 28 28 26 23 27 27 27 23 23 26 25 34 30 24 21 26
28 21 19 28 19 34 24 25 25 23 30 26 29 30 32 22 24 31 33 23 31 35 24 31 33 30 27 28 23 34 28 33 28 35 29 29 25 23 28 25 29 29 31 29 29 30 34 29 27 31
57 59 2
103 0 108 43 114 14 105 55 94 50 82 22 68 72 118 21 71 50 79 93 6 104 94 72 73 55 115 71 3 53 95 101 99 5 59 55 112 0 88 31 30 112 114 88 33 2 30 114 44 116 2 65 84 15 78 3 78
50 109 90 67 46 95 66 9 58 18 68 43 52 66 102 94 101 105 9 23 98 27 19 59 58 26 571 5 15 85 20 85 2 20 30 97 102 47 48 65 109 51 76 75 108 71 12 13 85 14 38 56 1 88 29 12 12 43 18
57 58 2
50 54 66 61 58 62 56 72 71 72 62 55 62 56 70 54 69 57 55 58 52 59 59 64 53 56 49 57 71 52 44 53 54 60 55 54 56 66 52 65 63 54 61 56 68 58 63 52 49 54 57 69 58 66 51 51 53
56 56 55 57 66 56 57 65 57 54 49 57 65 61 49 50 62 61 65 57 56 65 58 69 55 53 39 65 68 52 46 54 50 66 52 56 54 48 58 61 60 60 63 51 60 57 62 68 47 56 59 54 69 59 60 48 64 57
55 58 2
16 10 102 90 103 65 87 44 5 16 39 17 2 88 55 1 76 8 112 77 7 90 52 35 54 93 80 27 95 90 3 38 92 105 38 18 75 31 61 104 84 96 101 90 55 98 54 21 95 38 15 107 65 73 72
77 10 81 11 101 94 3 9 56 1 75 7 25 53 67 64 50 33 37 76 68 76 88 67 35 64 10 48 43 60 74 67 32 61 98 82 9 88 60 141 10 81 88 22 3 1 85 81 100 67 75 31 74 43 96 68 62 77
381 365 40
7042 6774 7380 7131 7190 7011 7326 7133 7549 7527 7516 7438 7411 7397 7275 7182 7355 7438 7556 7354 7034 7778 7345 7219 7194 7463 7499 7551 7230 7159 7403 7608 7152 7196 7669 7270 7142 7554 7315 7191 6982 7678 7005 7105 7385 7080 7256 7259 7326 7571 7093 7312 6995 7238 7380 7349 7180 7699 7407 7407 7173 7271 7320 7361 6924 7423 7782 7278 7123 6909 7132 7158 7373 7028 7116 7279 7439 7032 7389 7057 7284 7317 7091 7165 7362 6832 7256 7663 7081 7002 7095 7486 7221 7680 7520 7863 7189 7599 7633 7101 7498 7720 7698 7060 7150 7303 7427 7900 7326 7039 7533 7035 7109 7050 7721 7251 7479 7172 7673 7865 7202 7144 7580 7237 7177 7295 7312 7210 7638 7411 7029 6868 7115 7562 7310 7281 7303 7384 7482 7375 7049 7453 7574 7341 7891 7185 7716 7736 7163 7436 7582 7262 7708 6806 7012 7375 7298 7248 7465 7308 7306 6976 7496 7181 6845 7538 7608 7287 7545 7413 7470 7476 7138 7295 7197 7363 7330 7386 6938 7647 7274 7339 6863 7416 7222 7233 7241 7352 7215 7242 6969 7065 7408 7605 7724 7190 7432 7523 7538 7273 7222 7567 7366 7283 6958 7385 7250 7443 6854 7713 7792 7611 7014 7020 7636 7685 7598 7250 7434 7208 7382 7428 7361 7108 7196 7423 7619 7417 7329 7162 7337 7821 7212 7008 7476 7229 7604 7120 7353 7183 6857 7414 7262 7254 7356 7360 7156 7171 7430 7412 6888 7088 7261 7505 7469 7775 6690 7328 7376 7578 7281 7400 7572 7399 6656 7393 7298 7331 7166 7417 7235 6937 7410 7195 7075 7134 7011 6982 7246 7406 7202 7213 7128 7524 7232 7209 7208 7239 7420 7221 7072 7240 7212 7213 7297 7287 7556 7217 7121 7563 7380 7263 6905 7634 7108 7369 7306 7537 7283 7486 7219 7246 7117 7465 7452 7499 7054 7474 7105 7352 7185 6749 7128 7268 7217 7345 7369 7380 7226 7336 7058 7318 7338 7331 7613 7480 7097 7499 7139 7373 7380 7522 7113 7321 6915 7620 7456 7462 7299 7508 7078 7311 7145 7138 6963 7232 7081 7176 7323 7391 6836 7363 7148 7450 7336 6899 7507 7267 7252 7193 7018 7419 7225 7016 7304 7165 7038 7316 7296 7105 8134
7682 7726 7496 7827 7586 7374 7523 7548 8097 7583 7543 7944 7607 7497 7070 7723 7490 7570 7941 8101 7435 7372 7532 8026 8178 7581 7523 7504 7715 7470 7395 7933 7494 7550 7663 7266 7547 7110 7793 7969 7568 7743 7559 7536 7571 7729 7493 7576 7406 7307 7626 7478 7617 7614 7473 7756 7674 7927 7832 7643 7396 7452 7856 7247 7686 7369 7767 7626 7727 7376 7661 7696 7538 7819 7869 7301 7519 7676 7936 7899 8131 7609 7636 7873 7810 7723 7900 7677 7651 7765 7691 7679 7853 7782 8069 7474 7898 7567 7548 7426 7781 7614 7489 7562 7796 7721 7463 7202 7931 7673 7537 7355 7492 7761 7302 8056 7524 7592 7697 7460 7376 7281 7201 7694 7773 7517 7762 8087 7175 7774 7622 7332 7377 7819 7729 7609 7496 7476 7446 7398 7591 7674 7602 7114 8027 7517 7720 7469 7380 8025 7414 7679 8081 7277 7212 7502 7643 7690 7546 7776 7449 7436 7845 7396 7600 8235 7688 7766 7338 7951 7239 7538 7278 7738 7836 7660 7874 7683 7825 7714 7766 7641 7435 7543 7624 7698 7920 7333 7730 7479 7251 7643 7904 7914 7871 7504 7695 7985 7346 7145 7496 7845 7351 7918 7417 7439 7513 7439 8002 7554 7522 7716 7909 7384 8029 7483 7373 7786 7666 7646 7423 7516 7369 7488 7467 7805 7624 7845 8130 7350 7574 7649 7695 7119 7387 7319 7707 8069 7856 7611 7483 7662 7613 7876 7691 7178 8194 7875 7606 7743 7580 7279 7644 7756 7821 7498 7876 7662 7675 7558 7514 7628 7392 7890 7576 7500 7648 7394 7520 7294 7749 7488 7619 7566 7658 7491 7942 7424 8090 7959 7773 7858 7664 7523 7494 7490 7449 7350 8151 7544 7383 7479 8086 7696 7387 7504 7342 7649 7678 7369 7507 7572 7370 7661 7857 7611 7681 7865 7486 7684 7546 7136 7323 8066 7869 7342 7449 7791 7720 7447 7735 7944 7510 7342 7933 7885 7442 7560 7752 7184 7806 7914 7743 7948 7084 7579 7713 7349 7550 7559 7595 7920 7614 7700 7622 7257 7777 7562 7389 7759 7666 7266 7757 7636 8519 7491 7746 7329 7681 7665 7620 7444 7301 8218 8073
389 356 1
188 199 164 182 162 173 152 179 182 177 173 177 187 183 176 179 173 184 183 192 175 172 193 173 179 179 172 197 183 199 180 172 184 174 179 179 194 163 189 190 167 183 177 172 179 176 177 164 182 178 166 182 169 171 182 177 179 178 179 165 182 183 178 189 162 183 198 166 183 185 195 170 178 177 177 165 174 169 169 184 176 183 187 187 175 179 181 200 196 171 182 174 170 157 194 173 193 184 200 178 178 177 183 180 169 172 180 177 187 165 176 167 177 185 166 184 172 174 186 162 170 160 174 183 176 183 175 175 163 191 170 167 188 173 176 183 179 180 178 197 175 170 193 177 184 186 175 176 179 175 184 187 176 171 175 169 194 174 160 189 173 173 160 183 182 177 178 189 185 185 189 172 179 172 170 165 184 179 176 155 158 186 176 182 185 200 161 180 165 171 158 176 179 179 173 174 186 186 183 177 166 186 184 192 177 169 194 171 180 186 168 194 185 196 184 175 177 176 179 184 187 165 186 189 171 182 176 176 180 169 181 161 181 187 165 175 173 170 181 180 177 181 170 173 176 187 182 188 163 177 197 169 185 185 190 177 170 181 177 166 170 170 171 179 180 188 182 195 168 177 181 201 202 164 183 173 169 157 198 173 188 187 201 181 180 173 185 180 169 170 171 184 187 170 169 166 181 182 167 186 175 168 190 162 172 157 175 179 177 180 181 170 168 192 169 168 185 177 179 177 182 180 179 193 173 167 192 183 183 183 179 178 180 172 183 187 177 171 173 170 192 177 161 187 173 168 164 184 187 174 174 191 192 186 181 176 176 167 178 162 189 176 174 154 158 187 174 183 186 201 157 183 169 166 163 167 181 181 175 171 188 184 187 170 173 185 189 188 174
189 196 182 190 200 193 196 190 206 191 187 214 178 195 180 184 206 189 203 199 190 192 192 207 184 203 201 186 210 198 207 192 180 191 187 199 195 207 197 184 207 178 198 192 188 183 194 198 205 198 191 192 198 177 194 218 190 213 192 184 198 206 198 196 176 188 206 186 203 206 183 172 189 176 200 204 196 185 191 192 210 197 184 194 191 193 218 213 192 208 186 183 203 195 192 202 181 195 202 193 208 189 173 175 195 189 196 208 190 194 195 189 207 188 188 182 178 211 216 201 193 199 182 198 204 194 188 193 180 208 196 204 205 173 188 184 199 194 201 191 186 201 198 194 197 173 194 181 183 220 190 206 201 196 203 195 186 191 186 195 200 208 199 204 207 179 202 181 188 194 180 193 196 192 210 195 196 193 193 184 177 200 186 212 204 184 212 194 193 199 188 198 192 188 193 202 208 199 195 183 188 201 173 189 190 184 204 201 201 210 195 199 180 187 191 192 202 193 206 202 203 208 188 183 186 174 201 203 207 199 189 193 191 205 197 192 192 181 189 202 193 221 203 182 203 200 199 199 201 198 189 191 187 204 214 185 201 177 185 208 190 187 198 193 182 189 201 193 199 193 183 198 191 205 203 174 198 192 195 202 211 202 192 192 188 189 211 186 201 196 185 210 191 196 197 200 177 182 192 191 202 212 178 195 188 184 198 191 190 194 196 185 203 207 199 203 187 181 198 182 201 201 199 208 198 205 188 194 198 179 194 189 204 201 190 209 176 193 181 187 205 191 206 190 181 204 192 203 186 195 201 176 208 193 208 206
352 324 31
5960 254 852 9106 3025 6888 8038 9593 9656 6756 8880 8344 2911 7367 1538 1570 1685 4940 4064 9795 2902 2412 2221 2963 420 3256 5682 3543 1155 7381 6492 694 734 6442 161 398 6404 8932 5766 7776 4160 3924 6010 4547 1119 7845 5560 4174 7129 839 6609 8243 2400 9273 2854 2784 2261 1946 6363 5421 7971 3441 4989 1118 7072 4415 4452 329 218 6903 3025 2130 8415 1445 562 3491 8722 1206 1470 424 1518 7623 5310 454 1460 6720 7239 250 258 417 3449 9775 2645 338 9450 2007 1885 3956 473 859 979 9687 1931 4540 5485 3309 3095 3927 9669 8392 6610 8897 7135 2036 7323 5428 1991 6296 5913 1322 3834 6585 6741 2800 8939 5774 9254 8020 10016 4261 967 4725 9155 9245 1529 707 1014 8677 2565 72 4150 1629 7749 5019 8570 952 8252 4372 7799 8376 1650 4210 7441 5593 6588 9456 1319 3605 8652 7672 671 1850 1851 4863 8684 6467 425 3005 7911 6131 3387 4328 6443 3907 6042 3076 2944 3254 4329 1951 3530 9092 3711 5805 2752 2137 1382 1602 1113 1436 8335 8743 4153 5867 2311 7131 5007 5408 4199 3375 7145 1659 5831 1356 2108 2179 9615 6971 2546 5141 5103 7849 2745 5602 1315 4803 4504 3499 683 7319 437 7407 3774 724 9954 9611 6944 2807 7614 6370 46 9902 1774 5981 5536 1900 354 8803 8699 9243 9957 132 5442 2350 5595 6131 213 1704 7197 9011 9417 2074 3357 1036 7462 9825 495 1555 8791 3503 2053 8047 80 2338 7877 9677 1893 4274 7024 102 7911 4236 4892 9197 3973 892 3112 2473 8348 8370 408 2647 5643 7024 2184 410 6094 8568 3493 2399 1527 1472 152 2744 174920 7683 1207 8056 4486 7033 1389 3163 3528 8187 7586 9959 9509 4824 5689 4901 458 920 1556 1098 822 6023 3323 9331 3385 8829 6345 32 2185 1402 2964 1246 7277 6178 5447 5938 6563 6830 1677 6399 1921 1106 7993 7980 1854 7837 7185 7257 1065 9649 7824 7843 2271 3259 4550 7755 2609 1562
2461 4524 4839 2198 10735 2685 8892 10489 7486 4210 652 565 5297 531 10681 2351 2951 8285 10801 8265 10288 9184 5396 9016 4955 7985 9172 10196 1551 3295 2233 7028 5624 10210 2891 10360 194 5970 10 2728 10190 3167 4859 5088 10584 1758 8210 2082 7069 2306 4711 4276 774 6572 798 6700 2078 2243 4343 1831 1442 10695 227 2744 7676 9090 7893 5191 7183 2175 6708 8670 8950 478 10805 2932 7241 5450 2927 7059 4703 9765 9029 2561 4219 3746 843 345 3487 7065 7048 6325 9283 7745 10741 5517 7343 2352 2733 2478 3389 8008 9063 8825 5120 280 3389 4053 6478 8060 2901 1384 8052 2316 7799 4440 3121 6951 5926 7808 7621 2464 8842 2693 8766 7765 2096 9531 8442 8535 5467 10895 3889 8312 6023 3691 5141 2261 2591 239 8237 6977 2155 262 1638 1758 9350 4063 1368 1545 2545 1456 7129 7805 3564 6496 5173 3184 4963 7272 8997 8962 3783 10068 1498 10898 4288 3123 9721 1693 8993 8965 1199 729 2586 6171 7900 3590 2610 10207 2641 6763 6808 6607 10691 5207 9424 4239 3380 9428 3315 414 1238 2450 9563 5162 10648 2660 7545 4254 2777 342 3722 7654 6490 10579 2988 9067 10686 9833 620 2687 10183 10040 9923 3234 10313 5083 3232 8089 7937 10062 10825 10786 4314 5139 4379 5232 1594 4341 5497 2517 6139 6410 3012 10388 1146 4309 10023 8032 9908 7092 7992 8714 5060 10804 27 2291 3030 2572 7879 1158 1220 674 5324 3871 9813 6894 4884 1110 9923 4939 6599 2619 3080 1857 3672 2136 5591 5286 5459 513 10597 10408 9823 4709 812 9451 5925 2122 1972 10161 5033 3101 8934 10616 5250 8991 3468 4106 8360 9283 5276 5420 5293 7486 3844 7875 4936 4412 7187 5135 729 4053 1049 8403 4581 3545 10602 7429 9608 10290 3588 3127 526 4521 1810 4700 4118 10117 8848 10572 3460 6361
327 340 1
163 179 167 161 163 159 176 169 166 170 161 173 181 162 188 168 165 177 181 183 169 176 167 176 175 183 165 166 173 162 166 169 166 181 163 177 182 171 184 173 155 181 200 183 159 166 168 161 185 167 169 168 175 168 167 170 172 183 167 158 170 189 169 163 180 177 182 181 182 164 159 148 178 158 173 177 179 182 183 153 167 174 164 162 158 184 156 161 169 179 175 172 179 164 162 164 176 170 168 179 176 182 174 172 167 170 173 172 158 189 146 167 176 169 159 158 172 164 167 158 170 162 170 177 158 180 173 177 172 156 178 170 161 162 168 155 178 172 161 136 175 169 177 174 169 159 179 169 162 170 176 174 168 157 173 179 172 153 177 166 166 161 161 152 168 159 184 187 178 165 175 167 155 161 162 178 181 161 181 176 180 165 179 174 171 167 162 166 175 161 180 172 172 161 176 161 166 164 164 169 172 163 169 169 172 174 175 182 161 171 176 182 185 172 169 170 182 171 175 162 174 168 168 163 167 173 180 164 172 184 173 178 171 162 177 207 174 171 166 146 180 180 164 170 168 178 163 166 178 172 173 167 165 178 174 175 168 177 175 190 184 182 157 152 155 174 160 177 179 178 182 170 155 175 165 176 156 161 181 152 167 169 176 179 169 181 155 173 168 175 157 172 185 175 182 168 168 180 169 175 168 153 183 151 171 181 164 156 155 170 168 166 170 158 159 176 175 166 178 173 168 179 153 178 167 160 167
155 159 176 181 157 178 153 166 171 171 165 177 170 147 170 169 164 160 148 174 174 186 166 168 156 169 166 170 157 145 168 173 169 164 177 159 167 173 172 167 176 169 164 161 160 158 155 164 151 152 152 163 154 172 160 167 157 177 152 173 163 165 170 176 162 154 167 163 168 159 158 177 163 172 175 165 166 163 156 181 152 162 163 160 156 162 167 177 160 169 146 164 172 165 165 172 174 152 169 162 162 157 170 176 163 169 179 156 153 174 163 168 155 156 172 159 173 151 161 170 161 161 156 154 175 179 171 165 173 161 155 156 156 147 168 166 160 166 167 152 159 182 146 166 159 161 181 158 160 146 161 160 168 160 163 159 167 175 166 157 173 159 149 164 153 160 163 162 149 163 164 165 169 161 164 162 160 170 175 160 180 163 162 163 184 153 174 157 154 153 169 155 172 172 165 159 151 170 168 152 155 151 150 162 163 164 156 141 168 175 164 168 175 165 155 146 173 146 185 164 156 162 168 148 150 181 155 162 163 164 171 147 153 147 147 163 180 155 158 156 179 180 153 163 153 167 156 164 164 160 168 167 146 156 162 164 155 170 171 169 177 169 172 160 175 158 160 171 174 155 180 156 173 166 150 165 159 170 153 161 156 161 166 161 162 161 149 165 149 170 175 154 181 155 170 171 179 165 164 157 159 173 179 171 165 157 159 159 150 160 154 176 151 170 158 158 170 174 147 184 166 154 158 162 179 155 154 179 167 176 169 163 165 174 176 187 156 153 169 165
357 368 14
4504 3370 3702 4892 4480 3687 2901 499 3569 4408 1410 1991 477 3540 4349 4000 361 3901 2814 2455 755 3826 4691 58 4594 4598 2963 1334 977 3936 931 2366 3229 1000 4607 1085 1257 1912 194 2708 4158 4360 147 740 1559 489 148 1020 1134 694 4311 2638 3948 848 88 2010 5035 492 4519 923 5075 994 1703 2536 3374 1221 703 3478 416 1000 1393 4623 2664 3342 2047 2848 3309 4828 3333 3627 2067 3732 738 4119 2956 594 1607 2437 1929 74 2269 2977 3008 1895 279 2286 2936 927 2892 771 5068 4961 2665 3479 3020 3294 2082 1068 2491 637 2067 691 4968 5069 4699 3839 2990 3421 509 3646 3552 1765 1474 2811 2619 3457 2 3088 4635 547 2618 3698 4816 197 3312 4405 4635 178 741 676 2569 3019 1260 735 4615 1750 1149 558 3808 3843 2289 5135 4144 1975 4455 4560 1547 4049 743 1756 1510 1139 3451 497 2969 3335 2472 4969 1335 3797 4026 2816 1959 215 504 1021 4867 3602 509 5 3815 4928 1578 2141 420 3286 2535 3870 4131 3194 3665 1149 3485 2140 2714 382 1484 1637 3875 1380 1578 3571 1790 2393 1021 4486 4379 1549 4000 3372 2864 2326 1517 195 897 4401 2277 2966 1006 4412 3452 4878 2759 1714 2344 3616 344 3681 2416 434 777 1445 2692 3158 3011 484 3916 1631 3294 2816 1316 1442 2450 1027 668 179 1550 84 23 758 770 3617 747 4331 2161 4396 1204 4015 1791 1835 2765 3305 278 1309 3424 1692 1965 383 2749 2918 1102 1457 3746 3178 472 3193 3670 4412 2426 2166 20937 3243 3092 5091 4751 4547 2139 2572 901 561 4412 2110 4785 4284 62 1708 5000 3292 3998 4953 29 1613 39 3055 879 2817 2598 413 869 3675 3703 2446 664 719 4841 2498 5141 4918 4647 4123 3297 1413 3024 4735 4221 4108 1349 3876 815 2797 809 112 213 4689 1379 3779 4997 1431 1247 1555 3321 1662 3941 1680 2905 625 3650 1228 545 2293 771 3814 2423 2806 3110 1053 222
2824 2415 4099 463 650 871 2882 1869 4883 488 1308 1506 3187 1358 2370 2581 229 3604 829 2345 2176 2973 3643 3760 2232 3894 1775 4193 1665 4373 2149 887 2800 1136 2158 381 1225 398 569 3267 2561 2231 512 4276 1629 1627 652 2902 4856 1980 1880 4630 4378 4712 1149 4078 2441 2393 4311 1691 1165 4040 72 4880 4697 4463 264 4059 2674 2445 1915 3327 3081 2325 4618 2453 701 4967 4241 4275 3724 435 1501 1984 2374 2217 1417 3199 3328 2606 2720 788 3780 96 1062 4645 2737 163 1677 2143 1841 3580 1537 2521 443 3609 4972 195 2802 737 490 621 4932 83 2317 4722 631 825 4947 1689 3614 4888 774 1703 3697 3730 4191 3358 4451 2149 1164 1847 3043 139 4171 2058 863 4532 3880 4907 3352 284 4089 1050 2124 4319 139 1961 542 2318 4038 2524 2559 3553 2632 2355 1477 3677 4779 1059 2915 2169 3900 1413 4752 4349 3000 3910 1646 4145 2927 574 1379 852 2083 1532 2802 2695 3382 3839 2657 472 1107 546 513 1843 2312 13 4608 1790 4364 2426 3966 4253 2671 2879 2368 3758 227 1334 638 4330 210 2198 2834 1 2181 450 2241 4816 874 974 2226 2729 4243 1328 591 3053 888 1868 834 2460 4055 4545 2308 1359 2895 987 443 3481 1502 1124 3999 2026 4233 3034 3922 3410 1669 3598 1249 893 176 553 1427 3526 1107 3985 1999 2764 396 2238 1496 3751 86 4145 410 950 4822 2597 3778 1725 2045 813 3430 4774 3335 4586 4452 1525 2949 1409 3953 3967 904 3013 1588 968 4479 593 1707 485 4925 3138 417 2396 3805 3135 4053 3870 1891 4499 3557 2590 2199 2016 4494 3502 1814 4933 3933 687 4097 1723 569 4910 3087 2593 1518 151 39 3409 0 3002 1754 3159 568 440 3914 289 2337 3246 1268 56 2886 4396 201 3766 4972 862 2698 403 4351 2550 4985 2021 1850 4652 4359 4003 1402 391 807 3235 1027 2713 1893 1366 1852 826 4781 1792 2673 1132 4406 1425 2353 4678 1087 278 4284 1213 4978 3344 1298 4118 3381 4418
369 330 14
2289 2207 2221 2340 2316 2431 2233 2178 2273 2320 2309 2196 2182 2222 2291 2216 2329 2370 2373 2326 2379 2309 2509 2417 2298 2280 2410 2390 2333 2221 2274 2345 2146 2470 2194 2321 2217 2216 2280 2330 2238 2253 2210 2260 2265 2289 2280 2350 2446 2229 2386 2134 2330 2289 2352 2314 2349 2339 2332 2283 2495 2376 2312 2237 2373 2266 2127 2357 2299 2157 2240 2223 2432 2138 2280 2343 2318 2274 2322 2240 2347 2366 2440 2356 2404 2383 2281 2333 2189 2282 2254 2226 2355 2344 2284 2339 2352 2297 2280 2348 2427 2230 2370 2348 2282 2344 2233 2403 2286 2320 2226 2222 2330 2246 2289 2334 2249 2338 2269 2190 2172 2355 2106 2420 2259 2298 2310 2289 2396 2133 2217 2248 2287 2366 2393 2269 2343 2300 2148 2234 2289 2433 2314 2464 2273 2320 2336 2353 2170 2310 2374 2291 2215 2316 2255 2353 2411 2238 2210 2385 2532 2409 2216 2108 2295 2270 2286 2307 2345 2259 2347 2392 2435 2432 2309 2297 2198 2351 2250 2473 2232 2238 2375 2278 2348 2284 2263 2302 2237 2256 2397 2385 2329 2285 2339 2306 2316 2416 2360 2416 2365 2254 2242 2336 2245 2360 2303 2207 2447 2333 2361 2465 2329 2368 2302 2309 2365 2168 2358 2281 2375 2261 2124 2399 2306 2449 2305 2292 2277 2391 2374 2265 2343 2266 2385 2300 2393 2327 2144 2414 2288 2176 2300 2284 2410 2443 2344 2289 2306 2313 2371 2329 2345 2331 2225 2294 2161 2290 2303 2406 2399 2261 2204 2359 2415 2174 2246 2323 2276 2102 2188 2315 2338 2253 2425 2389 2439 2266 2279 2285 2260 2328 2211 2315 2274 2446 2230 2398 2210 2287 2324 2329 2311 2221 2248 2289 2342 2338 2340 2402 2316 2419 2317 2341 2229 2419 2368 2231 2398 2286 2280 2477 2375 2349 2347 2235 2157 2327 2365 2089 2295 2216 2264 2267 2361 2444 2341 2302 2337 2269 2199 2268 2382 2386 2302 2363 2266 2369 2285 2202 2460 2165 2263 2340 2361 2310 2295 2168 2450 2346 2303 2353 2547 2281 2295 2240 2261 2328 2356 2296 2269 2268 2376 2244 2329 2240 2335 2335 2212
2629 2765 2501 2628 2508 2633 2566 2612 2530 2700 2441 2550 2490 2583 2535 2604 2498 2569 2644 2527 2465 2546 2500 2551 2635 2656 2652 2627 2761 2475 2505 2694 2576 2520 2754 2461 2586 2505 2472 2565 2496 2597 2564 2538 2651 2517 2678 2622 2548 2786 2721 2492 2723 2582 2514 2549 2346 2636 2671 2519 2521 2576 2686 2566 2509 2484 2694 2644 2630 2733 2522 2578 2675 2490 2612 2676 2639 2680 2579 2551 2544 2723 2554 2568 2518 2563 2714 2438 2493 2529 2638 2564 2665 2524 2698 2461 2555 2590 2473 2563 2464 2531 2650 2633 2526 2505 2699 2456 2553 2715 2643 2675 2486 2668 2512 2556 2689 2792 2584 2384 2575 2604 2662 2618 2468 2635 2560 2519 2667 2585 2605 2759 2623 2710 2482 2628 2548 2599 2386 2736 2744 2563 2661 2638 2645 2604 2451 2571 2494 2363 2598 2503 2532 2524 2545 2583 2511 2658 2576 2700 2620 2579 2535 2610 2591 2590 2585 2453 2585 2745 2563 2491 2563 2499 2441 2543 2430 2508 2663 2762 2571 2641 2744 2619 2715 2540 2419 2592 2555 2598 2551 2380 2463 2491 2652 2557 2577 2496 2554 2695 2601 2573 2495 2570 2573 2566 2581 2528 2605 2623 2602 2545 2584 2544 2571 2576 2639 2639 2506 2542 2764 2750 2649 2598 2587 2596 2521 2581 2552 2586 2615 2571 2641 2515 2511 2551 2527 2563 2632 2542 2481 2732 2640 2565 2503 2621 2619 2526 2440 2694 2644 2543 2453 2618 2655 2547 2610 2527 2388 2578 2656 2612 2602 2662 2454 2458 2660 2610 2547 2642 2491 2441 2564 2733 2678 2657 2615 2476 2768 2593 2529 2446 2510 2565 2636 2581 2597 2611 2589 2678 2564 2493 2624 2436 2708 2539 2702 2627 2546 2496 2603 2591 2358 2569 2506 2395 2590 2484 2522 2645 2639 2521 2620 2671 2532 2615 2685 2713 2499 2455 2623 2584 2576 2550 2682 2653 2358 2741 2549 2591
347 369 1
186 185 185 167 202 171 173 192 187 186 181 190 187 191 190 168 203 188 185 193 188 187 188 170 195 194 180 180 180 177 201 177 167 195 179 181 167 205 174 182 191 202 191 187 190 178 183 176 168 197 182 182 161 163 192 181 192 190 204 170 189 169 176 157 187 193 180 177 182 204 193 176 178 184 198 193 189 180 184 189 184 194 176 198 194 202 190 177 190 181 185 187 197 175 194 196 180 175 179 196 175 185 172 188 191 178 176 179 179 185 182 186 186 182 173 189 192 183 186 182 189 195 185 190 191 192 162 199 185 176 165 180 183 185 183 198 186 198 176 185 189 208 204 176 193 177 170 168 211 175 197 198 205 183 173 193 191 185 170 175 191 193 177 171 175 188 188 173 192 179 185 189 169 177 159 187 191 181 182 182 181 186 187 171 186 187 183 195 175 186 190 194 183 175 202 187 190 193 177 186 186 184 187 197 177 177 188 189 184 168 189 177 182 171 188 191 179 184 193 197 194 190 183 182 179 174 174 190 185 179 161 164 198 183 190 197 196 162 189 172 169 169 189 192 177 177 193 192 193 180 176 192 191 197 182 181 193 179 192 179 184 207 191 202 183 182 184 188 189 190 179 184 201 175 186 182 187 182 179 189 166 193 183 174 186 177 180 193 174 189 186 172 184 191 191 184 180 182 202 171 193 200 189 183 177 188 186 172 180 174 177 193 182 190 198 185 183 187 195 206 196 178 180 178 172 186 189 187 198 206 191 183 184 190 185 174 177 186 187 189 176 173 174 197 182 180 181
164 156 164 175 178 181 187 184 173 180 185 180 167 158 172 178 183 175 167 184 171 170 164 160 178 179 168 162 169 194 177 181 165 165 177 178 180 176 176 180 185 167 177 180 168 171 167 174 173 170 166 175 168 152 171 159 159 154 185 189 160 155 163 156 157 178 176 186 176 176 184 166 165 179 189 168 170 171 156 170 167 179 173 176 171 177 191 179 155 168 169 174 174 169 169 189 177 177 167 170 178 182 161 165 174 188 182 180 170 165 171 168 173 160 179 159 170 183 181 176 170 174 177 184 164 169 184 173 187 182 184 178 159 172 192 183 174 184 171 170 156 162 159 164 181 177 176 163 175 181 184 191 193 164 171 173 159 170 172 166 163 188 181 186 176 169 179 187 156 166 170 176 170 175 161 176 189 178 162 160 161 180 171 178 174 180 185 168 175 179 162 165 182 179 174 170 166 175 188 176 169 160 176 173 170 192 180 162 165 172 179 184 176 202 187 173 188 175 176 178 175 175 166 157 159 154 176 190 178 185 194 173 185 179 172 160 157 170 176 179 150 172 186 172 174 172 171 189 171 164 166 183 189 185 181 165 174 171 176 172 168 173 169 179 178 178 168 176 175 175 168 162 168 169 186 164 157 183 162 158 177 179 165 162 156 164 161 157 166 169 173 163 178 178 165 181 188 195 184 179 168 162 159 163 163 159 165 172 183 192 184 161 172 182 181 172 175 181 181 180 169 167 190 183 166 156 158 173 182 177 169 170 170 175 183 165 170 176 171 171 175 179 176 177 177 181 181 174 185 201 169 183 187 178 162 169 186 191 182 197 190 174 175 163 178 175 167 189 178
377 394 17
95 1284 5317 6226 5967 2377 931 1001 1553 2908 3693 4928 598 4160 3604 6419 4286 5112 5980 6571 1044 266 1073 5928 113 867 3776 6412 3702 4700 557 854 5274 3312 721 3602 5864 1645 5262 5361 5786 2610 3574 4608 44 1064 5445 2373 2354 4955 2471 1354 4 970 872 4629 1045 1411 6027 3666 896 6511 4433 5966 5381 6076 3710 257 5174 436 4351 4563 342 4860 3898 2429 1418 3858 2057 1149 4643 6362 2990 4942 5133 6571 1961 4218 3518 3202 1065 53 333 6147 1592 5998 4665 655 3797 3803 470 3822 5289 374 2963 2488 874 4554 2572 5624 5352 4178 6021 160 6692 538 2933 2559 3198 3647 3293 346 5154 413 5451 914 3941 1095 2007 1510 3807 2740 3856 4507 4670 3050 104 5003 4024 2555 2040 2650 3348 553 6472 6526 5945 580 4318 792 4885 5109 1982 5813 1704 3142 5359 3996 3857 2069 680 2496 5753 3743 2050 2913 2715 1479 377 2038 4142 930 3397 4918 1812 1258 5130 4210 1188 7 54 3657 1189 1371 4132 3813 836 5443 1793 2803 6378 2883 197 750 6315 6316 4724 488 3273 3525 477 5878 4605 2982 2745 3336 3443 2601 6251 2766 3988 3620 3144 5691 6366 388 1497 1938 6611 4777 6045 5141 3705 14 2853 4847 1361 3526 1409 5677 1147 3835 5856 49 2733 5573 5018 3236 6411 1230 5083 3089 1213 5418 1925 3904 287 5206 4347 6543 3635 3378 4748 6441 3614 4400 5005 574 799 638 6047 3333 60575 3364 4083 5584 3186 5096 4616 3546 1298 3733 3448 3384 467 1112 266 1577 5188 2745 6524 472 1771 3015 6037 3884 2653 5611 5062 5253 1778 1725 5737 3947 477 339 3422 2085 3113 2720 4768 4947 227 6544 864 5865 389 4587 4172 4470 1495 3266 2468 6254 5549 6439 87 1649 3180 249 5102 20 1362 3688 4564 393 2249 1476 3863 5934 1029 6571 1960 3897 6278 2645 1968 4814 3167 3190 230 5241 5300 4695 3686 2080 771 1080 5273 5664 3025 2286 6350 4972 3229 4417 6565 5210 5762 4791 1632 5480 610 4209 3691 1671 90 6175 3119 4493 1297 2443 3957 4997 2828 2230 735
5530 4467 260 3364 3653 5240 1993 588 3872 5137 16 5969 938 3710 2953 1713 501 1214 2674 5170 3037 5245 2617 1417 1521 3493 3167 1979 4556 5911 1152 3417 2257 2268 3580 2153 1420 6188 3822 5979 3582 3761 4344 4812 1438 3498 4258 5030 4583 812 250 862 5493 1631 3877 1440 2208 3961 1942 5489 6358 34 6220 5243 6337 6076 3763 6321 1557 2918 3227 5474 3460 4543 6306 5548 3249 5354 584 3970 2045 4713 3897 4788 2309 6258 761 3390 4354 2532 3899 2632 604 2688 963 5010 216 1207 5305 2725 401 351 5736 681 1184 5572 602 3097 4215 3988 5270 5887 2549 5607 3836 2431 6000 437 5533 5026 3647 2539 150 4054 6319 2075 5479 2661 5130 549 560 4703 2443 1774 3273 5456 3271 4709 401 3164 3924 324 3129 438 3988 2372 4501 4367 5903 1583 496 2816 362 4936 5975 1291 1497 1838 626 6078 5576 2505 6046 3659 6069 272 1286 5289 3038 309 4578 3064 111 1442 1007 3783 5970 786 3162 626 3043 4810 3524 3321 4337 4760 4560 2409 798 4700 3550 4777 5608 998 5473 3940 4996 4371 3722 3610 3359 4755 6273 231 1541 2836 6406 2998 1306 1425 3456 4177 2343 1443 1096 1149 103 4666 5413 2773 4215 1031 2875 6214 5306 1106 1023 5756 4633 1731 255 3276 4570 3129 3563 2219 2305 6162 6144 5252 5909 2489 6108 3190 466 6091 3881 998 5238 6366 2307 5717 1380 232 694 1580 2212 3429 1966 5181 1463 1863 1881 5138 5904 1671 1612 3164 6088 5745 6207 1453 6075 5540 1140 925 2947 4653 3967 6279 4165 6373 2514 5461 2178 5758 2624 2881 605 1211 2559 6255 4379 4794 2450 2346 3335 6396 2672 912 2620 4942 5436 1881 1969 3348 2017 1483 2806 5593 4098 5574 153 254 446 2758 3264 1635 4989 4419 76 1725 3426 1035 3348 2506 5750 5990 5270 3143 4700 1274 3323 4754 3325 1991 1165 2717 2935 5546 1932 769 1974 431 4596 4735 1140 633 4469 5842 4762 2080 5516 4891 5154 5238 4337 986 4833 5921 1886 5320 2020 4491 1415 2393 2174 1639 4442 4530 3742 2531 1804 6040 5233 2491 2143 2112 3904 4388 5214 1233 3877 1128 52 5429 444 496 5054 4583 1253 4241 3638 6162
379 330 38
6312 5995 6221 6175 6433 6160 6171 6480 6382 6437 6233 5967 6269 6234 6210 5781 6395 6261 6323 6283 6210 6028 6230 6254 6444 6112 6255 6184 6495 6176 6307 6138 6393 5787 5821 6561 6272 6041 6470 6495 6570 6079 6153 6406 6239 6172 6249 6360 6295 6236 6429 6234 6375 5938 6339 6361 6105 6457 5803 6500 6172 6500 6036 6572 6292 6173 6015 6142 6303 6158 5617 6217 6145 5971 6177 6182 6669 6233 5862 6311 6102 6234 6306 6285 6232 6230 6218 6223 6077 6549 6245 6327 6765 6654 6358 6368 6093 6336 6370 6079 6209 6360 5998 6089 6770 6568 6343 6381 6242 5943 6214 6819 6478 6381 6368 6033 6265 6222 6463 6501 6243 6352 6440 6088 6383 6117 6324 6263 5988 6259 5929 6611 6570 6200 6475 6312 6414 6152 6036 6520 6175 6549 6228 6305 6453 6333 6351 6306 6240 6380 5942 5936 6221 6430 6087 6086 6172 5942 6484 6176 6800 5928 6175 6271 6324 5802 5977 6328 6369 5971 6366 6517 6614 6301 6197 6032 6216 6355 6396 6369 6034 6658 5949 6364 6371 6733 6551 6004 6179 6079 6307 6330 6166 6465 6417 6252 6048 6132 6233 6335 6403 6272 5978 5998 6370 6460 6666 6210 6490 6050 6336 6537 6460 5841 6225 6063 6238 6225 6272 5943 6031 6432 6489 6318 6103 6053 6358 6325 6270 6441 6209 6120 6235 6151 5770 6078 6172 6363 6407 6422 6295 6423 6172 6484 6487 6341 6335 6036 6625 6662 6205 6328 6205 5903 6241 6376 5780 6274 6246 6240 6319 6784 6572 6208 6012 6379 6445 6525 6386 6379 6416 6220 6276 6348 6386 6512 6593 6742 5826 6284 6273 6230 6212 5939 6346 6037 6109 6090 6132 5963 5955 6174 6405 6451 6333 6246 6268 6530 6386 6189 6290 6506 6467 6369 6254 6625 6440 6553 5847 6266 6277 6238 6076 6032 6448 6256 6444 6313 6425 6398 6409 5990 6386 6133 6410 6447 5987 6144 6327 6447 6303 6505 6266 6225 6382 6291 5989 5864 6311 5653 6257 6446 6494 6482 6311 6423 6361 6234 6274 6520 5996 6101 6317 6277 6280 6172 6727 5992 6205 6242 6383 5919 5962 6257 5916 6015 6397 6152 6461 6307 6325 6195 6108 6683 6680 6332 6510 6248 6236
7476 7599 6958 7220 7024 7085 6533 7325 6913 7636 7239 7382 7077 7552 7379 7572 7270 7017 7396 7296 7030 7228 7259 6974 7216 7152 7215 7351 6782 7684 7320 7297 6962 6856 7307 6671 7171 7001 6849 7557 7334 6771 7504 7568 7228 7343 7255 6869 7061 7425 7263 7459 7240 6797 7002 7219 7037 7579 7264 7051 7147 7416 6835 7322 6995 7402 7217 7013 7106 7273 7055 7382 7309 7241 7384 7263 7048 7092 7232 7050 6911 7360 6917 7067 7398 7577 7227 7130 7049 7284 7056 7015 7480 7184 7061 6988 7266 7263 7049 7227 6772 6652 7122 6877 7328 7551 7127 6837 7517 6706 7102 7542 7115 7616 6987 7091 7211 7297 7371 7291 7180 7623 7135 7267 6880 7334 7119 6972 6843 7246 7359 7118 7330 7107 6926 7228 7390 7434 7271 7285 7306 7190 7194 7004 7161 6804 6916 6927 6910 6930 7186 7071 6809 6956 6999 7300 7410 6830 7329 7251 7118 6636 6961 6920 7057 7397 7538 7294 7126 7396 7436 6961 7379 7198 7083 7194 7301 6999 7217 7333 7159 7258 7276 7120 7229 7197 7094 7045 7451 6930 7129 7114 7312 7829 7638 7210 7101 7277 7103 7399 7288 7236 7083 6980 7313 7192 7401 7500 7075 6805 7312 7044 7223 7499 7252 7523 7308 7637 7097 7311 7444 7359 7075 7491 6871 6959 7298 7113 7316 7304 6998 7235 7235 7157 7125 7444 7180 7130 7045 6860 7011 7073 7476 7357 7019 7087 7305 7068 7201 6893 7418 7336 7598 6861 7368 7210 7105 7091 7173 7312 7161 7640 7385 7221 7332 7119 7427 7452 7088 7009 7191 7252 6774 6704 7358 7224 7615 7342 7203 7537 7233 7655 7502 7359 7213 7025 7557 7134 7430 7154 7262 7046 6639 6741 7227 7180 7005 7229 7237 7241 7456 7213 7411 7453 7293 7015 7043 7171 7442 7551 7186 7451 7213 6899 7335 7270 7257 7197 7411 7374 6928 6951 7426 7000 7171 7405 7287 7108 7309 7582
50 50 23
1135 1133 1145 1130 1132 1137 1150 1144 1144 1130 1135 1134 1137 1149 1134 1136 1140 1150 1136 1139 1140 1143 1138 1148 1132 1148 1137 1139 1130 1136 1129 1145 1143 1133 1147 1137 1127 1131 1133 1139 1128 1141 1146 1149 1134 1149 1134 1144 1139 1132
1150 1150 1150 1150 1150 1150 1150 1150 1150 1150 1150 1150 1150 1150 1150 1150 1150 1150 1150 1150 1150 1150 1150 571 1150 1150 1150 1150 1150 1150 1150 1150 1150 1150 1150 1150 1150 1150 1150 1150 1150 1150 1150 1150 1150 1150 1150 1150 1150 1150
100 100 3
297 298 298 300 297 297 298 299 297 300 298 299 299 300 299 299 297 298 300 299 297 297 299 298 298 300 299 298 300 298 300 297 298 297 298 297 299 299 299 298 300 297 298 297 299 300 300 300 297 299 298 298 298 297 300 297 299 298 298 299 300 300 300 300 300 300 298 299 297 299 297 299 298 300 297 299 299 300 299 298 300 298 299 298 299 298 299 299 299 297 298 297 298 297 300 297 298 298 298 298
300 300 300 148 300 300 300 300 300 300 300 300 300 300 300 300 300 300 300 300 300 300 300 300 300 300 300 300 300 300 300 300 300 300 300 300 300 300 300 300 300 300 300 300 300 300 300 300 300 300 300 300 300 300 300 300 300 300 300 300 300 300 300 300 300 300 300 300 300 300 300 300 300 300 300 300 300 300 300 300 300 300 300 300 300 300 300 300 300 300 300 300 300 300 300 300 300 300 300 300
123 345 7
2414 2409 2414 2414 2414 2412 2410 2412 2413 2411 2408 2411 2414 2409 2415 2411 2408 2409 2415 2415 2410 2413 2408 2411 2415 2415 2413 2415 2415 2415 2411 2413 2410 2415 2411 2411 2408 2412 2409 2410 2412 2415 2413 2408 2412 2412 2414 2414 2408 2412 2412 2411 2408 2410 2414 2411 2414 2411 2412 2409 2415 2409 2411 2410 2411 2408 2408 2414 2410 2409 2414 2411 2408 2413 2414 2409 2413 2408 2408 2414 2411 2413 2409 2408 2410 2411 2409 2412 2409 2409 2408 2409 2409 2411 2410 2408 2409 2415 2414 2413 2410 2411 2408 2412 2411 2411 2413 2414 2412 2413 2408 2415 2415 2414 2411 2408 2414 2412 2414 2414 2412 2412 2415
861 861 861 861 861 861 861 861 861 861 861 861 861 861 861 861 861 861 861 861 861 861 861 861 861 861 861 861 861 861 861 861 861 861 861 861 861 861 861 861 861 861 861 861 861 861 861 861 861 861 861 861 861 861 861 861 861 861 861 861 861 861 861 861 861 861 861 861 861 861 861 861 861 861 861 861 861 861 861 861 861 861 861 861 861 861 861 861 861 861 861 861 861 861 861 861 861 861 861 861 861 861 861 861 861 861 861 861 861 861 861 861 861 861 861 861 861 861 861 861 861 861 861 861 861 861 861 861 861 861 861 861 861 861 861 861 861 861 861 861 861 861 861 861 861 861 861 861 861 861 861 861 861 861 861 861 861 861 861 861 861 861 861 861 861 861 861 861 861 861 861 861 861 861 861 861 861 861 861 861 861 861 861 861 861 861 861 861 861 861 861 861 861 861 861 861 861 861 861 861 861 861 861 861 861 861 861 861 861 861 861 861 861 861 861 861 861 861 861 861 861 861 861 861 861 861 861 861 861 861 861 861 861 861 861 861 861 861 861 861 861 861 861 861 861 861 861 861 861 861 861 861 861 861 861 861 861 861 861 861 861 861 861 861 861 861 861 861 861 861 861 861 861 861 861 861 861 861 861 861 429 861 861 861 861 861 861 861 861 861 861 861 861 861 861 861 861 861 861 861 861 861 861 861 861 861 861 861 861 861 861 861 861 861 861 861 861 861 861 861 861 861 861 861 861 861 861 861 861 861 861 861 861 861 861 861 861 861 861 861 861 861 861 861 861
300 300 11
3295 3300 3300 3297 3299 3290 3299 3296 3296 3300 3294 3295 3292 3296 3299 3293 3294 3289 3291 3296 3299 3291 3293 3290 3295 3296 3294 3293 3292 3291 3300 3289 3294 3291 3299 3295 3292 3300 3300 3295 3290 3291 3296 3295 3289 3298 3300 3296 3300 3289 3289 3289 3291 3292 3291 3298 3299 3298 3291 3289 3295 3291 3300 3299 3291 3292 3295 3290 3295 3297 3300 3296 3297 3293 3290 3297 3293 3298 3296 3298 3297 3293 3299 3296 3295 3298 3294 3292 3297 3291 3292 3290 3291 3290 3296 3298 3290 3296 3292 3298 3298 3298 3289 3297 3298 3295 3297 3299 3289 3289 3290 3290 3294 3290 3299 3292 3300 3290 3292 3293 3289 3292 3289 3289 3293 3291 3292 3300 3299 3296 3293 3294 3298 3291 3298 3298 3300 3293 3293 3293 3298 3299 3300 3290 3297 3299 3290 3294 3294 3292 3297 3292 3292 3292 3297 3294 3292 3300 3292 3293 3300 3295 3289 3296 3293 3297 3295 3289 3298 3290 3297 3296 3299 3297 3300 3293 3296 3300 3298 3292 3298 3298 3290 3291 3292 3293 3296 3297 3292 3293 3290 3291 3289 3290 3294 3294 3298 3293 3291 3294 3293 3297 3293 3290 3298 3292 3296 3295 3291 3296 3298 3295 3289 3292 3296 3293 3291 3294 3295 3297 3298 3296 3289 3295 3295 3291 3299 3293 3294 3298 3291 3292 3292 3294 3295 3295 3293 3292 3292 3296 3289 3291 3295 3300 3295 3290 3293 3293 3293 3289 3298 3294 3295 3291 3298 3297 3294 3294 3297 3292 3292 3299 3295 3292 3293 3296 3296 3289 3291 3297 3299 3294 3292 3299 3290 3294 3296 3292 3298 3289 3295 3295 3299 3296 3293 3297 3299 3298 3290 3299 3291 3291 3289 3299 3295 3291 3299 3297 3295 3296
3300 3300 3300 3300 3300 3300 3300 3300 3300 3300 3300 3300 3300 3300 3300 3300 3300 3300 3300 3300 3300 3300 3300 3300 3300 3300 3300 3300 3300 3300 3300 3300 3300 3300 3300 3300 3300 3300 3300 3300 3300 3300 3300 3300 3300 3300 3300 3300 3300 3300 3300 3300 3300 3300 3300 3300 3300 3300 3300 3300 3300 3300 3300 3300 3300 3300 3300 3300 3300 3300 3300 3300 3300 3300 3300 3300 3300 3300 3300 3300 3300 3300 3300 3300 3300 3300 3300 3300 3300 3300 3300 3300 3300 3300 3300 3300 3300 3300 3300 3300 3300 3300 3300 3300 3300 3300 3300 3300 3300 3300 3300 3300 3300 3300 3300 3300 3300 3300 3300 3300 3300 3300 3300 3300 3300 3300 3300 3300 3300 3300 3300 3300 3300 3300 3300 3300 3300 3300 3300 3300 3300 3300 3300 3300 3300 3300 3300 3300 3300 3300 3300 3300 3300 3300 3300 3300 3300 3300 3300 3300 3300 3300 3300 3300 3300 3300 3300 3300 3300 3300 3300 3300 3300 3300 3300 3300 3300 3300 3300 3300 3300 3300 3300 3300 3300 3300 3300 3300 3300 3300 3300 3300 3300 3300 3300 3300 3300 3300 3300 3300 3300 3300 3300 3300 3300 3300 3300 3300 3300 3300 1613 3300 3300 3300 3300 3300 3300 3300 3300 3300 3300 3300 3300 3300 3300 3300 3300 3300 3300 3300 3300 3300 3300 3300 3300 3300 3300 3300 3300 3300 3300 3300 3300 3300 3300 3300 3300 3300 3300 3300 3300 3300 3300 3300 3300 3300 3300 3300 3300 3300 3300 3300 3300 3300 3300 3300 3300 3300 3300 3300 3300 3300 3300 3300 3300 3300 3300 3300 3300 3300 3300 3300 3300 3300 3300 3300 3300 3300 3300 3300 3300 3300 3300 3300 3300 3300 3300 3300 3300 3300
398 400 2
800 798 799 799 798 799 800 799 800 799 798 798 799 799 799 798 799 798 799 798 800 799 799 798 800 799 800 800 800 798 798 800 799 798 798 798 798 799 799 798 798 799 800 800 798 798 799 798 798 799 799 799 799 798 799 799 799 800 798 799 800 799 800 800 799 799 798 798 798 800 799 800 798 800 798 798 799 800 800 798 798 798 798 798 799 798 800 798 798 798 800 800 798 799 800 799 799 798 800 800 800 799 798 799 798 799 799 798 798 800 798 799 798 800 799 798 800 799 798 800 798 800 798 798 799 798 799 799 799 799 798 800 800 800 799 800 800 799 798 800 799 800 800 800 800 798 799 800 799 800 799 798 798 798 800 798 799 798 799 799 800 800 798 798 798 798 800 799 798 799 798 798 799 800 798 800 800 798 800 798 800 800 798 799 799 798 798 800 800 800 798 799 800 798 798 800 800 798 799 800 799 798 799 799 798 799 800 799 798 798 800 800 798 800 799 800 799 798 800 798 800 799 798 798 800 800 798 800 798 799 800 799 799 798 798 798 800 800 799 798 798 800 799 798 799 798 798 799 798 799 798 798 798 800 799 799 798 798 798 798 798 799 799 799 799 798 800 798 799 799 798 798 800 799 798 798 800 800 798 800 800 800 798 798 799 798 800 800 799 799 799 800 798 800 800 798 798 798 800 799 799 799 799 799 799 800 798 800 798 799 799 798 799 798 798 798 798 798 800 800 800 800 798 800 798 800 799 799 798 799 799 798 798 798 798 799 800 798 798 798 799 798 799 798 800 799 800 800 799 798 800 798 799 800 798 799 798 799 798 798 798 798 799 800 798 799 798 799 799 800 798 800 800 800 798 800 799 799 800 800 798 799 800 798 799 800 800 799 800 800 798 799 800 798 800 798 799 800
796 796 796 796 796 796 796 796 796 796 796 796 796 796 796 796 796 796 796 796 796 796 796 796 796 796 796 796 796 796 796 796 796 796 796 796 796 796 796 796 796 796 796 796 796 796 796 796 796 796 796 796 796 796 796 796 796 796 796 796 796 796 796 796 796 796 796 796 796 796 796 796 796 796 796 796 796 796 796 796 796 796 796 796 796 796 796 796 796 796 796 796 796 796 796 796 796 796 796 796 796 796 796 796 796 796 796 796 796 796 796 796 796 796 796 796 796 796 796 796 796 796 796 796 796 796 796 796 796 796 796 796 796 796 796 796 796 796 796 796 796 796 796 796 796 796 796 796 796 796 796 796 796 796 796 796 796 796 796 796 796 796 796 796 796 796 796 796 796 796 796 796 796 796 796 796 796 796 796 796 796 796 796 796 796 796 796 796 796 796 796 796 796 796 796 796 796 796 796 796 796 796 796 796 796 796 796 796 796 796 796 796 362 796 796 796 796 796 796 796 796 796 796 796 796 796 796 796 796 796 796 796 796 796 796 796 796 796 796 796 796 796 796 796 796 796 796 796 796 796 796 796 796 796 796 796 796 796 796 796 796 796 796 796 796 796 796 796 796 796 796 796 796 796 796 796 796 796 796 796 796 796 796 796 796 796 796 796 796 796 796 796 796 796 796 796 796 796 796 796 796 796 796 796 796 796 796 796 796 796 796 796 796 796 796 796 796 796 796 796 796 796 796 796 796 796 796 796 796 796 796 796 796 796 796 796 796 796 796 796 796 796 796 796 796 796 796 796 796 796 796 796 796 796 796 796 796 796 796 796 796 796 796 796 796 796 796 796 796 796 796 796 796 796 796 796 796 796 796 796 796 796 796 796 796 796 796 796 796 796 796 796 796 796 796 796 796 796 796 796
