2 4 1
0 0
2 0
1 1
1 -1
1 1
-3 -1
5 1
2 4 2
0 0
2 0
1 2
1 -1
1 1
-3 -1
5 1
20 20 6
39 37
-64 -49
-35 8
-66 -1
76 -62
42 -5
78 -51
-14 -14
37 -23
29 30
63 33
-15 74
-35 -84
59 38
13 -74
-40 -35
-86 96
-36 -88
-68 -2
-39 100
1 1 6 5 2 6 2 3 3 5 4 1 6 6 2 5 4 5 2 3 
96 -78
45 -68
88 76
-93 63
-23 1
39 68
-50 -89
-2 7
-40 -79
53 55
-51 -7
-35 99
-87 -95
73 84
0 -14
-29 -100
26 22
52 24
-74 35
-62 80
20 20 6
-36 76
57 18
26 68
38 -9
88 -11
-88 -11
65 91
23 -42
18 -11
-58 35
99 -26
99 82
-66 -80
78 -66
4 41
22 -3
86 -13
44 -88
-22 40
-87 -21
2 6 3 4 3 5 4 4 6 3 1 2 1 5 3 3 5 3 5 6 
-60 -48
-43 -12
-27 17
74 5
64 23
-10 -88
27 -2
-57 50
65 100
18 84
37 -50
-13 26
-89 0
75 -77
-53 100
30 44
35 97
25 -73
5 9
14 89
20 20 6
99 67
10 15
97 87
-51 -8
65 90
15 -3
61 52
-7 -22
13 -77
53 54
-16 -88
-50 -73
-66 2
-67 23
-61 -1
-76 99
-53 -48
100 -15
42 -51
43 100
4 5 2 2 4 2 5 2 1 1 3 1 4 3 3 3 5 4 4 4 
6 -51
-66 -15
13 -61
-79 33
-37 39
-81 83
-71 -60
60 -48
1 -47
12 -29
-42 53
-71 -84
-83 89
63 -16
-33 35
-63 -65
91 49
-32 -66
71 -99
-35 -89
20 20 6
-71 56
17 26
41 -30
23 73
-24 11
-89 -14
-29 97
2 87
67 -10
59 -68
13 -68
-60 -73
61 -38
-66 -32
-48 58
-36 -54
38 92
44 77
21 -100
51 96
3 4 1 3 3 2 5 3 6 3 6 5 6 5 5 3 2 3 4 6 
97 -29
-5 67
25 -96
-32 -77
-84 -77
-92 -5
-60 41
-12 59
-4 80
49 -5
-83 -14
10 48
-96 -20
-6 -87
94 -35
-42 -27
11 -15
-41 88
-12 75
100 -86
20 20 6
-22 -62
2 -72
-44 44
22 22
-32 -94
-11 -2
93 -58
64 -28
-48 34
-82 82
38 -79
-93 1
-73 -69
-85 -70
-62 -62
93 -48
-70 48
29 -82
-52 -91
-64 56
5 4 5 2 6 5 2 3 2 5 6 3 5 1 4 2 2 4 4 5 
-92 -77
-60 -59
-43 94
-76 -42
-14 -73
79 37
86 -15
-20 -96
-29 96
79 -67
-7 66
86 -88
46 -1
12 -100
-91 -37
-37 -7
-40 -96
-69 -6
-50 33
52 -62
20 20 6
87 91
-97 32
-74 89
28 71
-87 50
44 80
88 -54
99 76
-56 67
-58 -43
2 -98
-70 22
23 -70
98 -23
34 -11
-12 32
-31 46
-39 50
-48 -75
-84 -58
1 6 3 2 3 6 4 3 3 3 4 3 6 5 3 3 2 1 2 5 
-36 0
13 54
40 49
-47 -32
-75 -55
-25 -31
-47 44
98 14
-42 72
-18 79
43 56
-28 84
50 45
-60 -93
29 -67
-46 -18
25 -12
73 16
-65 -21
-41 57
20 20 6
-20 49
31 -41
-81 24
-57 22
6 -37
-95 -87
-35 -77
-38 95
-87 -80
-26 -61
-33 76
-33 -17
11 100
-18 -4
-79 -85
79 99
-36 -28
83 -31
-68 82
83 27
2 2 5 5 1 1 1 4 3 3 4 1 4 5 6 1 1 3 3 5 
-46 -23
-78 44
-80 -81
56 63
22 79
20 -73
71 24
-26 67
-58 -26
37 65
17 -72
-81 -16
-37 -25
-63 51
84 -31
-73 -15
94 64
-77 -34
-7 95
64 -84
20 20 6
52 -7
16 4
82 -96
63 35
81 6
-80 -18
87 42
74 -92
47 67
-63 -61
6 -21
31 -35
-30 -11
-59 93
-26 83
92 -19
-18 49
88 43
98 22
-27 29
3 2 1 2 1 1 3 6 2 4 1 4 4 5 5 6 5 4 6 6 
-67 62
35 -64
-88 1
69 37
-13 -74
-33 -76
-74 31
-52 54
-22 -34
-21 88
-48 82
14 -93
81 77
-47 -40
20 -41
94 70
-56 -87
-86 43
-60 -96
13 32
20 20 6
44 -16
33 84
8 -66
-45 14
-48 -80
-57 77
-43 59
76 -36
91 -14
9 -86
8 50
25 -27
41 -32
100 13
25 -39
65 -20
-59 -59
71 75
81 52
79 -7
2 5 1 4 4 2 3 3 6 1 1 5 4 2 2 5 3 6 2 3 
-70 -58
22 81
-58 -27
88 72
10 28
-93 100
-2 -55
99 31
-17 -68
11 -87
43 35
-19 93
44 72
50 81
-6 22
-47 80
-97 -84
63 -97
-20 -24
-38 6
20 20 6
70 -53
57 41
72 9
95 91
98 85
43 69
80 12
-31 -29
10 7
-28 69
89 74
15 -86
-54 -88
-56 26
39 1
-12 -1
63 -68
-25 68
63 0
-97 78
4 4 2 3 1 4 1 1 4 3 3 4 3 2 4 1 2 5 2 1 
73 -41
41 -6
-100 -18
23 74
-55 98
-51 -40
-93 -76
-27 54
95 -72
-18 -49
2 26
-51 80
34 71
57 0
-39 100
-99 3
48 -29
35 64
70 8
-97 11
30 10 1
-9 -7
-3 8
-2 -2
9 -4
4 -9
0 4
0 9
2 -7
5 2
4 -3
-1 8
6 -7
10 -2
-6 5
8 3
5 -9
-6 -6
-3 10
0 6
-1 -10
-2 3
-9 -8
2 -6
-8 -6
4 6
10 -3
8 10
3 10
4 -5
6 2
1 1 1 1 1 1 1 1 1 1 1 1 1 1 1 1 1 1 1 1 1 1 1 1 1 1 1 1 1 1 
7 2
-7 0
-8 7
-4 -6
1 0
0 -8
7 7
-10 7
-2 -5
-4 -1
30 10 1
-7 -8
-8 1
-3 6
-1 -5
3 9
7 -7
4 6
-4 -8
0 10
4 -8
1 -8
-2 -9
-3 -2
8 -3
6 -6
5 -7
-9 -6
-10 -9
7 -10
-7 -7
-10 -6
-9 -2
1 2
7 10
-5 -1
3 -10
6 -8
-5 -9
-2 -8
2 -1
1 1 1 1 1 1 1 1 1 1 1 1 1 1 1 1 1 1 1 1 1 1 1 1 1 1 1 1 1 1 
10 -10
6 3
10 2
5 -3
0 8
-9 -4
9 7
9 9
-6 -5
3 8
30 10 5
6 5
-8 10
2 3
10 -6
-8 -1
9 -9
-2 5
-1 4
-8 3
6 8
-9 4
10 1
-8 0
0 6
5 -9
10 9
-7 -4
-5 -7
-6 3
-7 -6
7 0
-8 -3
10 7
-2 -9
-2 0
-5 -6
-9 -7
-6 -4
-9 3
2 0
3 3 5 5 2 3 2 3 2 5 1 5 1 3 4 5 5 5 2 4 4 1 4 5 1 3 5 3 2 1 
8 -2
-10 -7
1 2
5 -10
8 7
-7 -2
3 -5
-4 0
-1 -5
2 -5
30 10 6
-5 2
3 7
5 7
10 2
6 -10
-3 4
3 -2
-2 -5
9 -2
-4 -2
-8 -9
3 -9
1 4
-6 -9
-5 0
-3 -3
3 -5
1 -8
-8 5
-8 1
-6 3
-4 7
5 -9
-6 -6
0 -4
9 6
7 -4
-3 6
3 1
-5 -4
4 1 3 4 5 4 2 6 3 2 3 6 1 4 4 2 5 4 6 5 6 6 6 6 6 3 5 1 1 4 
4 -1
-7 5
2 -1
5 1
2 -6
-9 -10
4 -7
-9 -5
-2 7
9 -7
30 10 5
2 2
2 3
0 -1
-5 -10
5 6
-5 -1
2 -7
3 -10
-10 7
6 -7
-6 10
-1 -8
-9 10
5 -7
7 -10
-6 -5
-5 -5
-10 8
8 7
-4 10
-7 -2
8 5
8 3
6 -5
-10 -1
5 9
-6 5
8 -9
6 7
-2 -5
2 1 1 1 4 3 5 5 3 4 1 2 2 2 2 1 4 5 1 2 3 5 2 5 1 3 4 2 5 1 
3 4
-9 -7
-6 -4
4 -9
2 -4
-4 8
-10 10
1 -5
5 4
6 1
30 10 5
-5 -9
-1 8
10 -3
-5 -6
9 1
-7 10
-8 -7
-1 4
6 8
10 1
9 5
5 -10
3 2
5 -2
-2 -6
-5 -10
-4 7
6 5
-7 -9
1 -6
-2 2
8 4
-8 -3
-6 6
-3 4
0 5
-9 7
8 7
-5 -3
-1 -7
2 1 2 5 1 4 1 3 4 2 3 2 4 3 3 2 5 3 3 4 2 4 2 2 4 4 4 1 5 2 
2 -8
2 -1
8 -6
-3 -1
4 8
6 -8
-7 -1
-8 2
-9 -8
2 0
30 10 3
-2 10
6 7
6 6
-5 2
-2 -2
8 -4
-4 8
-2 0
2 -1
7 9
1 3
-5 8
-2 -7
6 -7
-4 -7
4 0
-2 7
2 7
-6 -1
0 9
-8 -6
-8 9
1 9
-6 9
-10 -2
-3 6
-10 -6
-4 7
9 -6
10 6
3 3 1 1 2 2 1 2 3 1 1 1 3 1 1 2 1 1 2 1 1 1 3 2 1 1 1 2 1 1 
-2 2
3 -10
8 4
-10 -10
-3 10
-7 4
5 -7
5 -10
-9 9
10 -9
30 10 1
7 -6
-2 -5
1 -9
3 8
-5 9
4 9
4 7
7 10
7 9
-9 -3
3 2
3 -4
-3 8
-7 7
-6 1
-2 -3
-4 6
1 -4
7 4
-7 2
-2 -6
-9 7
-4 -3
-6 -9
-4 1
-1 8
7 6
-9 -9
-10 8
-7 4
1 1 1 1 1 1 1 1 1 1 1 1 1 1 1 1 1 1 1 1 1 1 1 1 1 1 1 1 1 1 
-4 8
8 10
9 -7
-8 -10
6 3
-10 5
-6 3
-9 -4
8 3
6 4
30 10 3
7 -7
-4 2
8 -4
-1 -1
10 5
-7 10
3 -3
2 -3
0 10
8 3
7 7
4 -9
-7 -10
-4 3
2 8
-10 -3
10 3
-2 1
9 10
8 5
9 -7
-2 8
7 10
-6 9
-7 -6
-10 9
4 -4
10 -3
-1 -8
0 7
1 3 2 3 2 2 2 2 3 2 1 1 2 1 1 3 3 3 1 3 2 1 3 2 3 1 2 2 3 1 
-5 6
-5 4
1 6
1 0
-3 3
-9 5
8 1
-9 -8
-1 4
0 9
30 10 5
-8 7
9 -4
1 -7
-2 8
6 8
-6 -6
4 -7
6 -6
-3 5
-1 -9
-9 3
10 0
10 6
7 -10
-8 -10
-2 -10
-7 -7
4 -9
3 -2
-9 6
6 2
6 -4
-2 2
-8 5
9 3
5 -2
2 0
8 6
0 5
8 -4
4 4 5 5 3 2 5 5 3 5 2 2 1 2 3 3 1 4 1 3 4 1 1 5 4 4 3 1 3 4 
-10 3
2 1
-2 -3
-10 -1
-6 5
-3 -1
-7 4
-4 2
4 10
0 1
30 10 3
6 4
-6 0
3 -4
3 -1
-8 -6
-9 -4
10 -6
1 9
9 4
-2 8
2 -4
0 -10
-7 -7
-5 -6
-2 6
-10 1
-6 10
3 8
6 -3
-8 6
-10 -2
-1 10
-3 -6
9 0
1 0
2 -3
2 9
-5 2
-10 -7
8 2
3 2 3 3 3 3 2 1 1 3 3 1 3 3 3 1 2 1 3 2 2 2 3 1 2 3 2 1 3 3 
5 6
2 7
1 -1
8 -6
-3 3
9 -4
5 5
-4 -10
-10 9
-4 5
30 10 2
-4 7
-1 -6
5 -2
5 3
-4 9
5 6
-3 -8
10 5
-4 -9
0 7
-10 0
-5 -10
6 -2
-8 2
-5 -7
-7 -5
4 8
7 -7
-9 -2
-10 -1
10 3
0 2
-3 7
3 0
-9 6
-2 8
-3 -7
10 -8
2 -8
3 8
1 1 2 1 1 2 1 1 2 1 2 1 1 2 2 2 2 1 2 1 1 2 2 1 1 2 1 2 1 2 
9 3
8 -4
-1 4
9 0
6 -7
-3 -5
8 -8
5 -4
1 -2
1 -9
30 10 3
-3 -7
3 7
-10 5
7 -9
-1 -2
8 9
-10 10
6 -2
-9 -6
-4 -8
6 -9
-3 0
9 0
-10 -1
-4 -9
-4 -10
2 -10
-4 8
-10 -2
4 -7
7 -4
8 -4
-1 -10
4 7
-6 9
-9 -9
7 9
0 8
5 7
-6 3
2 2 2 2 2 2 1 1 3 2 3 2 2 2 3 2 2 1 1 1 2 3 2 3 3 3 3 1 3 3 
6 7
-7 3
-10 -4
10 -5
-5 1
-4 6
-6 6
4 1
1 8
-5 9
30 10 4
-10 -2
-5 2
-10 -6
-8 -6
3 5
3 10
7 -9
10 6
4 8
-9 2
8 4
-6 6
-2 10
6 -8
-1 9
-7 -3
-2 -9
-6 -2
4 9
-10 5
-1 -9
-8 -4
5 -10
-7 1
1 10
0 -2
-9 -6
5 1
-10 8
-7 -2
3 3 4 3 3 2 4 2 1 1 4 2 3 1 1 3 2 3 2 1 3 4 2 1 2 1 4 1 2 4 
9 -1
-5 -2
9 -5
9 -10
2 3
-8 2
7 8
-7 -9
0 4
8 9
30 10 4
-6 4
7 2
-1 3
-6 -7
-9 -7
-5 6
3 -10
4 6
-4 -5
-5 10
3 4
-6 2
-8 8
-3 -10
5 4
-10 -8
-10 10
9 8
-3 7
4 -5
-7 4
-10 7
0 -9
0 -7
-9 0
8 -6
-7 -8
3 -7
2 6
0 -8
3 3 4 3 2 1 3 1 3 2 4 2 3 1 1 4 3 3 3 2 1 4 3 1 3 4 3 2 4 3 
1 -8
4 -6
-4 -1
10 -2
0 -4
-10 5
8 2
1 -1
-6 -3
2 -1
30 10 6
-10 -3
10 8
0 5
-2 0
-9 -3
-1 9
-1 3
-6 4
-8 -2
-2 3
-5 4
8 10
-5 -4
-8 2
-6 -3
1 2
3 2
10 -1
-1 -1
1 -9
0 -8
10 -10
0 6
-2 -3
-8 4
-6 -9
-7 -4
2 -1
-8 0
-9 -4
3 3 4 3 3 5 1 1 3 5 1 4 1 3 1 1 5 2 3 6 4 1 4 5 5 2 3 6 4 4 
4 -10
6 7
6 -1
8 -8
10 6
4 7
6 -3
2 -6
-1 -4
-4 -9
30 10 4
-3 -8
0 -5
-7 4
2 1
2 -8
1 9
2 -5
2 8
9 2
3 -7
-1 1
9 5
0 -8
-2 10
9 3
0 3
-2 0
-2 -5
7 -7
-4 5
-7 5
-6 5
6 -10
4 -4
-6 1
10 6
4 7
-7 1
-2 5
6 9
3 2 4 4 4 3 2 4 4 4 4 1 3 4 3 3 1 2 2 2 2 2 1 3 2 4 2 3 2 1 
-6 -9
5 6
-7 -9
-8 -2
8 0
-5 -5
-9 -1
5 -2
-9 9
8 -1
30 10 4
-4 10
0 -8
3 0
-10 -2
-6 -10
-7 -5
-4 1
-7 7
5 3
-7 -10
-10 1
-2 -8
-1 6
7 3
-9 -9
-1 -5
0 -7
-3 -8
-5 -3
1 0
4 5
-1 2
-8 7
-8 4
7 5
-2 1
-5 -1
6 9
2 -7
6 -6
3 3 1 2 1 1 3 1 4 1 1 4 1 2 4 3 3 1 4 2 4 1 4 2 4 4 1 1 3 1 
2 5
8 -4
9 7
-1 8
-6 8
5 1
0 9
-4 -9
4 3
6 -2
30 10 2
-5 -3
8 -4
8 5
-4 -1
-4 4
6 -8
2 -7
-7 10
-8 3
-1 -10
0 -6
4 -9
-5 -4
9 1
1 -8
1 -4
1 4
-8 4
4 10
2 4
-2 -5
-10 6
0 -10
-10 -3
-6 1
2 -2
-10 -1
-10 -5
-3 -10
7 -1
1 1 2 1 1 2 1 2 1 1 2 2 2 1 2 1 2 2 1 1 1 1 1 1 2 1 1 2 1 2 
0 -5
5 7
9 9
-9 -10
5 -3
-9 3
-8 -8
1 -2
-6 7
-3 5
30 10 6
-6 6
-10 -10
7 7
-5 -6
-8 4
3 -3
4 2
-8 1
4 -10
-8 5
-6 0
-2 1
-9 -1
7 9
-9 -4
-6 -4
-1 -1
-9 1
0 -10
7 3
-3 -1
0 2
1 7
-8 -6
1 -5
8 6
-3 9
9 -5
0 -4
-2 -6
2 4 4 5 4 2 5 1 5 6 5 1 3 5 2 1 3 6 2 2 4 1 5 4 1 3 5 4 3 4 
6 -5
9 -8
3 0
-3 6
-4 -8
-8 7
6 8
-6 -6
2 5
-2 9
30 10 2
5 -2
6 4
1 10
-9 6
0 10
-8 0
10 8
-5 -9
-7 -2
-3 -6
-1 -7
9 -7
6 -7
3 3
-6 -6
9 -3
10 -2
-9 5
6 2
0 -9
-8 5
-1 -5
-6 1
9 -1
5 -9
4 -7
9 8
-4 1
6 6
7 1
2 1 2 2 2 1 2 2 2 2 2 1 2 1 2 1 1 2 2 1 1 1 1 2 1 2 1 1 2 2 
8 -10
4 7
-5 -4
2 -10
8 9
-2 7
-3 -8
-9 4
-4 -10
-2 9
30 10 6
-3 5
4 -7
10 -10
-1 -5
1 -9
2 -2
-8 -7
5 -5
10 -9
-5 9
3 -3
5 -8
7 -5
-2 -8
-6 -4
10 9
5 -3
9 -10
1 6
4 4
-7 -10
-8 9
-8 -5
5 1
-1 10
-4 -4
-10 5
1 -7
-4 -5
-1 3
3 3 1 4 2 5 4 2 3 5 6 6 3 2 6 6 6 1 6 4 3 1 4 4 4 6 2 2 2 5 
6 0
8 0
-5 8
9 2
-9 -7
-9 10
6 5
-9 4
1 -10
-9 -2
30 10 1
6 3
2 -1
-8 -7
3 8
-1 -7
-5 -9
7 -6
1 4
6 7
8 -2
9 7
8 2
4 10
-1 -5
0 -10
-1 -4
9 -2
1 10
8 3
-4 9
-10 -9
-8 -2
1 -10
9 -10
1 7
-10 -7
7 9
-4 -7
10 -10
-1 -6
1 1 1 1 1 1 1 1 1 1 1 1 1 1 1 1 1 1 1 1 1 1 1 1 1 1 1 1 1 1 
10 -1
-6 4
-10 0
-6 2
-2 -9
5 -8
-2 6
6 -4
-5 1
0 -2
30 10 2
-2 1
-9 7
9 -10
-6 2
1 -4
7 10
-2 -9
10 0
-9 -8
3 7
7 -1
4 3
8 9
2 -7
4 -1
6 -9
-2 0
1 -9
1 0
-9 10
-4 -2
-9 -1
3 -8
-6 -1
3 9
-3 -3
9 -5
-6 7
9 2
3 10
2 1 2 1 2 1 2 2 1 1 2 2 1 1 1 2 1 2 1 1 2 2 2 1 1 2 2 1 2 2 
1 10
-4 -6
-8 -3
0 0
0 -6
6 8
-7 3
-1 -2
-1 5
8 -7
30 10 2
8 -4
-7 9
-10 -7
1 4
6 -9
-3 -5
-8 3
10 1
-5 7
-6 8
-2 -9
1 -2
4 8
0 -2
-4 -7
-7 -9
-7 7
-6 -7
-3 -3
-4 1
3 -4
7 4
2 10
-8 -8
9 7
3 -5
0 3
3 -2
-9 -10
-5 4
1 2 2 1 1 1 2 1 2 2 2 1 2 1 1 1 1 1 1 1 2 2 1 1 1 2 1 2 2 2 
-8 -1
6 0
-6 9
4 6
-1 -8
-7 0
10 -1
-3 4
2 6
0 7
30 10 4
-10 2
-6 5
0 -2
0 5
-8 7
2 0
-1 3
-9 4
7 -3
2 -6
-5 -6
-1 8
-9 6
1 -3
-7 10
7 1
6 -4
-7 5
0 8
4 -2
-3 -5
6 5
9 2
5 -8
-7 3
4 7
0 -4
-6 4
9 -3
6 -8
2 3 1 3 2 2 2 2 3 1 1 2 1 1 1 3 4 2 4 3 3 1 1 3 1 2 1 1 1 4 
1 -4
6 -1
-7 -1
0 -10
3 3
-4 7
-9 -1
9 4
-2 -10
-5 -2
30 10 1
5 -7
8 -9
1 -6
8 -7
5 0
-2 9
3 -9
10 -4
-6 -6
3 1
8 7
-9 -4
-2 -4
-6 10
-10 -1
1 10
-8 -1
-10 4
4 -2
-7 8
-6 7
-3 -3
-3 10
4 -7
7 9
-3 5
8 -1
5 -6
-2 3
4 5
1 1 1 1 1 1 1 1 1 1 1 1 1 1 1 1 1 1 1 1 1 1 1 1 1 1 1 1 1 1 
10 6
4 10
0 3
9 -8
-4 -8
6 2
-7 6
-4 -10
5 2
8 0
30 10 6
7 -9
5 0
-1 -1
10 8
-2 9
2 4
-5 4
3 -4
-8 -7
-4 -5
5 -6
-8 0
-8 -9
8 -8
-2 -1
-2 -8
-6 -7
1 4
-8 8
9 -3
8 5
9 3
-10 3
-4 1
-4 2
-3 0
9 8
2 8
5 6
2 -8
6 6 6 4 6 2 5 5 2 2 1 6 3 1 2 5 3 5 5 1 1 4 5 6 5 6 3 4 1 6 
6 2
10 4
5 -4
-7 -10
-7 1
2 -10
0 -2
-1 -10
9 -5
3 -2
30 10 4
-5 6
-9 -4
3 1
-2 -7
5 -5
-7 4
-5 -5
-5 -3
-8 1
8 -8
9 8
-5 -8
2 -5
8 8
-6 7
-3 6
5 -3
2 -1
-3 10
-5 9
2 2
9 6
10 -5
1 -2
5 9
-3 -1
8 5
1 5
-10 -4
10 -3
3 4 3 3 3 4 2 1 2 1 2 3 4 3 2 4 3 4 3 3 1 3 3 1 2 4 3 1 1 4 
0 -2
8 0
6 2
0 -1
5 5
10 -10
-5 -9
6 -10
4 -10
-7 1
30 10 2
7 2
10 -6
0 -5
-1 3
6 0
3 3
-3 0
10 7
2 6
8 4
-4 -5
5 -1
-4 -7
-3 -8
-8 7
7 3
-9 -8
2 5
9 -2
2 -5
-5 -5
3 7
0 -2
2 -2
1 -1
10 10
-6 10
8 1
-5 -10
0 -7
2 1 1 2 2 2 2 2 2 1 1 1 2 1 2 1 2 2 2 1 1 1 1 1 2 1 2 2 1 1 
-10 5
-9 -4
3 -2
-1 -3
6 -1
10 4
8 -3
-10 -4
-7 10
-2 3
30 10 5
-110 637
400 830
-160 -605
624 678
891 974
431 -280
620 460
934 838
105 109
-180 251
-552 -51
596 -731
-637 -230
2 -2
672 -666
-65 -690
-293 392
269 -924
493 355
-828 -796
697 927
814 -517
455 -174
-723 789
330 886
384 -362
-733 158
419 -342
26 835
-476 430
4 5 3 3 3 4 4 2 2 4 1 4 2 5 2 3 2 3 2 3 5 2 5 3 1 1 3 3 1 5 
656 747
-176 -666
-419 -635
-1000 -414
332 518
-182 -367
-225 730
929 -583
-771 729
488 865
30 10 6
26 -123
-702 -525
-353 -924
185 597
4 -94
-967 -841
-909 464
-577 -45
606 333
-6 -489
487 11
-123 667
-628 -65
614 -344
-109 676
751 -837
640 -901
-645 -387
309 -683
125 959
62 -560
87 148
-923 -252
318 77
-103 -233
-323 737
497 -878
-29 -954
212 152
815 -625
1 3 2 4 5 3 5 2 3 6 2 1 6 3 3 6 6 6 6 6 2 1 4 5 2 3 6 2 4 1 
-113 321
895 340
-266 833
-333 -32
913 -129
530 326
591 290
-278 938
592 97
-59 927
30 10 2
915 754
-600 -742
51 -96
281 70
-357 627
-662 780
146 878
869 -584
-138 -575
909 421
-314 -924
-297 -274
-69 -833
25 773
-106 591
-281 -425
478 -599
474 -601
-711 224
-71 -355
-968 -935
-895 30
362 -792
289 -353
5 808
-896 -776
347 382
140 717
753 527
-879 -512
2 2 2 1 1 2 1 1 2 2 1 1 1 1 2 1 1 1 1 1 1 2 2 2 1 2 2 1 2 1 
-548 -731
-831 105
719 -737
407 730
-157 -161
999 -518
-448 429
-542 21
-617 -215
65 264
30 10 5
-179 -56
512 -269
214 7
40 -569
-500 -473
-548 897
-652 202
221 444
-750 820
-507 -76
-872 345
-903 -170
962 -161
233 -453
-248 -589
-669 -377
-34 503
-827 -482
211 946
199 -8
311 569
-365 -653
-952 817
-138 -352
-519 923
139 -93
329 295
-130 -881
619 -286
-982 114
4 2 1 2 3 3 3 1 1 4 1 5 5 3 4 2 5 4 3 5 4 5 5 4 3 2 2 4 1 1 
524 101
-398 -36
-38 -689
-934 -961
612 415
571 396
-295 850
24 554
797 -283
-48 304
30 10 1
-557 604
136 638
-974 703
-537 -742
953 -907
2 -828
657 762
737 -296
224 -545
842 962
823 291
949 741
-142 64
-948 539
763 -957
-779 389
862 646
-73 841
495 260
161 564
298 869
-837 -81
632 -3
-587 156
-987 -865
470 -596
-958 402
-190 91
717 -395
503 -82
1 1 1 1 1 1 1 1 1 1 1 1 1 1 1 1 1 1 1 1 1 1 1 1 1 1 1 1 1 1 
-189 -962
573 560
714 330
-125 -937
-121 -633
-1000 482
-531 -892
-908 -295
-489 266
31 -603
30 10 4
175 -647
-863 -983
494 -387
-750 -184
-309 988
790 -919
-817 353
-170 -953
14 -50
686 318
-141 941
167 -801
-35 196
-813 -785
-651 -953
514 -555
-776 -419
553 -969
-755 524
-60 -21
265 -197
839 122
202 20
-287 -125
493 -781
-755 -895
932 -801
-366 -696
881 -789
962 860
4 2 3 3 1 4 3 4 3 4 1 3 1 2 2 4 2 1 2 4 2 4 3 1 4 1 1 4 4 2 
-984 -93
219 -636
-16 -806
511 -641
111 -973
-801 971
784 -116
-164 -50
154 945
-918 -923
30 10 4
559 -997
923 -867
557 -375
-729 282
20 -199
690 -980
-669 733
-598 -692
-905 82
-145 -125
-206 -261
27 -496
-676 907
732 559
487 -380
186 -178
87 -600
636 -998
-26 113
-632 483
183 -988
660 405
484 -437
189 -590
777 -36
276 -93
131 -246
-327 -607
155 937
-952 242
1 1 1 1 1 2 2 4 4 3 2 1 1 3 1 1 4 4 3 4 2 2 3 1 3 1 3 3 4 1 
-986 -3
511 484
694 -977
235 398
-822 -349
569 115
529 -78
-909 -832
423 65
-811 8
30 10 1
55 156
-587 846
397 -63
-334 257
774 612
-712 -506
106 397
-671 -562
-697 540
257 946
647 509
838 -465
-801 612
-221 -646
146 829
-79 -353
320 812
983 -375
90 574
184 -296
-892 836
948 -765
835 -695
-472 -527
96 -670
-241 -346
348 -272
-463 -849
632 -276
727 364
1 1 1 1 1 1 1 1 1 1 1 1 1 1 1 1 1 1 1 1 1 1 1 1 1 1 1 1 1 1 
249 1
-516 682
168 -205
56 501
-112 502
-126 -149
-922 256
986 -396
-559 -377
797 77
30 10 1
-785 -596
806 660
148 -18
-651 -503
346 919
-246 -753
411 910
-464 -847
92 929
765 946
774 -37
-85 -266
904 -44
429 -960
988 300
31 825
864 -538
-12 941
414 596
-414 637
-589 -313
553 -958
-341 126
-59 981
-607 -27
-842 823
563 -929
-272 716
-514 -458
909 395
1 1 1 1 1 1 1 1 1 1 1 1 1 1 1 1 1 1 1 1 1 1 1 1 1 1 1 1 1 1 
487 -623
-895 326
-463 920
943 -417
-233 -721
284 -634
514 926
127 367
-707 -318
307 -962
30 10 4
-50 -978
56 -764
-374 -780
99 764
651 854
-230 -499
-678 543
1000 145
455 525
958 920
535 981
-457 725
-3 80
936 520
-212 -623
-328 -5
-423 -228
-292 959
318 673
-605 986
-10 -651
-108 539
252 -904
-331 73
311 -567
-413 588
-743 -519
271 -592
408 -515
-778 -95
4 3 1 4 4 4 3 1 3 3 2 3 3 2 3 2 2 2 1 1 2 2 4 4 2 4 2 4 2 3 
-728 -959
108 -936
-494 -711
867 726
-352 -293
683 38
783 276
763 549
-338 154
535 397
30 10 1
-473 -914
-238 -17
251 480
849 771
967 -283
-328 -593
96 -884
125 302
-954 214
457 -507
188 -717
-179 -749
-75 601
807 165
-726 169
-133 -885
262 247
-172 684
-177 877
-348 613
-251 -491
645 -639
-135 180
781 -603
499 581
79 -248
-585 231
442 -770
16 75
-317 -437
1 1 1 1 1 1 1 1 1 1 1 1 1 1 1 1 1 1 1 1 1 1 1 1 1 1 1 1 1 1 
461 -299
-133 -17
-149 53
20 -481
345 -525
423 -69
373 984
212 373
-357 -416
-907 -593
30 10 1
127 -438
539 817
796 -497
828 -251
988 836
1000 303
-409 239
-910 305
-242 -235
-200 700
-898 579
491 -807
526 -677
-423 -98
948 -987
288 180
-409 298
-371 307
334 -20
-745 -530
-470 -611
-646 -785
-158 -745
-272 792
-50 -596
926 -411
-813 451
-865 62
-14 796
170 -621
1 1 1 1 1 1 1 1 1 1 1 1 1 1 1 1 1 1 1 1 1 1 1 1 1 1 1 1 1 1 
329 720
-958 549
121 707
944 716
-824 -121
-855 974
-273 528
453 -218
-873 773
-391 218
30 10 2
-151 -154
640 351
472 138
-470 875
-158 614
-621 -74
636 -838
-875 -522
422 -517
-938 372
688 244
953 643
927 14
-434 -577
544 515
-477 867
200 329
524 -591
569 829
-109 382
643 -760
729 -748
-192 -387
-636 -995
-156 -923
401 -44
-964 -65
-453 992
-428 978
278 549
2 1 1 2 1 2 1 2 1 1 2 1 2 1 2 2 1 1 1 1 2 2 1 1 1 1 1 1 2 1 
-908 -640
569 -723
434 378
415 256
-452 80
-422 985
-93 309
-852 702
621 -860
327 -358
30 10 4
419 68
961 941
419 955
-399 -713
832 543
-957 262
699 -275
-43 -773
943 540
-332 968
-212 759
-839 556
-429 -445
241 -568
256 792
932 830
-112 258
-27 -405
-688 99
969 -374
-381 607
-197 937
-361 270
123 -696
485 -193
36 -200
-825 584
265 -876
851 -904
-791 -946
3 3 4 2 2 3 2 1 2 2 3 1 2 1 4 3 1 1 3 4 4 2 3 4 2 3 4 2 3 1 
17 -878
-970 -43
-622 397
-503 -903
585 -846
-925 -869
-17 -704
-653 566
-828 307
424 -252
30 10 2
-678 -585
-505 745
-23 -848
198 128
-326 -184
782 615
-416 951
330 957
-177 -32
230 486
558 -989
185 791
47 367
106 514
-396 -283
-366 255
-516 515
403 -248
435 -984
539 -651
386 -817
-736 -597
-942 825
595 -584
189 -343
499 -738
658 -625
268 -923
459 459
193 399
2 2 1 2 1 1 2 2 1 2 2 1 2 1 2 1 2 2 2 1 1 1 1 2 2 1 1 1 1 2 
-318 487
718 147
705 707
138 774
983 188
-580 -485
964 951
-740 357
-164 402
-843 39
30 10 5
-236 449
748 -937
25 -129
-123 639
916 318
-487 545
-753 925
-842 -309
-796 -226
-718 -654
-247 742
-979 -42
-577 -966
-723 877
825 705
-366 2
-58 -152
744 446
877 767
548 -792
-496 38
288 3
9 -951
-107 -811
-984 -346
188 962
769 -210
-703 -222
59 -43
-341 -380
1 1 4 4 3 3 1 3 5 4 1 3 4 5 2 1 4 3 1 3 1 2 2 5 5 5 3 2 2 4 
553 307
808 -425
-373 -472
-572 203
-54 -811
149 -741
413 -995
-91 508
356 265
415 -501
30 10 1
-46 -511
676 -916
-442 -417
-609 243
-4 581
359 -169
-848 621
-145 290
-188 441
813 -990
-686 -921
-966 -545
312 -143
-895 -636
963 509
579 -827
61 -746
368 554
-272 445
891 -800
-349 -930
900 315
984 19
-951 111
-587 -391
-115 -675
991 -202
-440 787
-262 -903
949 -704
1 1 1 1 1 1 1 1 1 1 1 1 1 1 1 1 1 1 1 1 1 1 1 1 1 1 1 1 1 1 
-864 828
452 -969
-31 -89
-169 164
-231 620
763 -718
398 -144
-23 271
-893 764
941 895
30 10 6
-921 471
129 989
-451 397
557 974
628 541
-947 -775
51 -211
566 483
720 239
536 824
-177 153
781 -401
-971 -486
-949 -146
-335 800
-346 -681
248 242
-841 357
-678 414
354 -781
-68 -600
195 261
450 -833
185 672
88 -141
-78 -836
304 167
486 -832
-296 991
924 702
3 4 6 1 1 3 1 4 5 2 6 4 6 1 2 1 3 5 4 2 5 1 5 2 2 2 1 6 6 2 
523 693
-67 -906
-84 277
-128 -529
396 -76
912 451
286 899
-597 -578
-280 27
-688 264
30 10 5
983 673
-398 -471
331 -870
652 -152
12 298
-857 -8
917 -754
534 -525
-270 -123
597 -627
-381 851
-479 779
-486 -557
640 -712
667 343
684 1
-698 -832
-234 -253
530 -528
264 453
306 -226
279 -67
-326 -639
-650 249
-970 425
-869 151
-361 504
143 265
-330 572
624 533
3 5 5 1 2 3 1 3 5 1 3 2 1 4 2 1 1 1 5 5 1 3 4 5 4 2 3 4 3 4 
-695 753
390 536
-160 848
514 -282
309 877
198 -391
740 -598
-550 -502
987 394
158 -293
30 10 1
-480 -780
997 542
-382 -863
-917 -404
-222 -366
-686 -962
-812 -965
-577 -610
-42 866
156 -886
524 -272
830 730
761 319
-973 -142
-681 749
-655 558
-898 723
808 -814
-623 283
-361 -581
201 380
993 407
415 -268
343 -308
-137 524
379 -622
-645 -397
354 -584
-231 513
-261 2
1 1 1 1 1 1 1 1 1 1 1 1 1 1 1 1 1 1 1 1 1 1 1 1 1 1 1 1 1 1 
343 1
-133 -39
580 450
482 -381
894 471
536 850
83 -121
572 -852
-127 201
769 606
30 10 4
-539 -642
-240 405
402 -433
-626 344
722 -747
-262 682
622 -777
319 -305
80 505
-470 -928
-587 888
-82 -226
287 -413
-711 -596
-294 540
-340 -187
-959 231
364 503
404 -913
-274 -183
934 -431
872 233
758 744
-899 719
-498 -756
863 -490
328 869
788 993
-881 743
-932 -965
1 2 4 1 4 4 3 4 2 3 4 3 1 2 4 4 2 1 3 1 4 1 4 4 4 2 4 3 1 3 
225 -331
347 -374
-345 -300
-875 -837
479 -250
-855 382
635 180
669 -158
-235 -794
-740 78
30 10 3
462 86
769 -179
-821 -256
698 -189
420 -222
-344 -984
263 -281
621 -326
670 -195
-621 -973
-332 779
-642 986
-130 -573
696 964
-349 -872
-628 -653
984 -536
-468 389
-790 -33
-245 458
-730 52
703 452
-313 -833
-595 -955
760 261
-681 601
-650 810
200 -619
-832 -461
-810 416
1 1 2 3 2 1 2 2 2 1 3 1 2 2 2 3 1 1 3 3 1 2 1 1 2 3 2 3 3 3 
-369 825
386 -988
-139 523
624 39
575 713
937 -142
912 -144
642 -261
269 -454
-978 61
30 10 2
220 630
148 884
-655 -309
617 629
52 567
-951 -736
245 -569
-876 -996
-55 -381
-959 -714
-406 419
199 227
-221 -117
-614 -247
180 -54
-497 442
-80 -905
895 684
-129 -89
-412 495
360 -560
-504 826
-949 745
-117 -323
-533 -170
662 898
-329 794
-956 451
68 650
416 295
2 1 2 2 2 2 2 2 1 1 1 1 2 2 1 1 2 1 2 1 2 2 1 1 2 1 1 1 2 1 
-351 370
-54 343
417 -879
951 826
111 890
451 -437
-499 -732
-875 -493
330 -926
732 362
30 10 5
-332 869
762 -358
-157 272
563 74
948 -677
-324 142
899 57
727 633
761 214
629 569
775 193
-112 -103
-409 491
319 -812
-675 -889
726 176
-531 184
-952 424
799 66
-727 -820
-679 -889
-905 -760
391 -342
-599 -418
25 935
-699 135
816 165
-234 921
-793 56
-623 953
3 5 1 2 1 2 3 2 1 3 1 1 2 4 3 5 2 5 1 4 5 3 5 5 4 3 3 5 2 1 
605 647
905 -133
-290 -478
-412 -811
941 -453
441 -380
-892 -884
390 159
513 824
60 -408
30 10 6
457 715
-322 666
-565 -561
80 562
-281 853
-503 195
-493 -665
230 266
-440 433
815 -240
-251 887
787 638
-646 7
925 828
-75 -231
-969 -900
-511 -563
-825 -691
-59 -415
458 -697
643 -698
984 -755
-701 747
332 -585
-338 -226
-290 -552
-365 -653
-891 377
281 210
864 381
4 2 5 1 5 2 3 4 6 3 5 4 1 6 1 2 5 3 5 3 4 1 3 1 2 4 5 3 4 1 
325 -456
459 83
-540 386
119 225
-115 -91
619 -136
-524 824
431 -73
-200 -489
278 -997
30 10 3
-935 -754
492 -610
936 37
-226 555
518 -268
571 635
277 229
458 -786
-358 -961
-361 628
198 -942
78 867
-373 -150
-354 789
357 -464
643 615
-501 -438
990 -314
67 -75
-2 525
2 -869
221 -383
295 750
536 -2
706 -234
-251 -712
621 918
110 -994
72 446
-505 840
3 2 1 1 1 3 1 1 2 1 2 1 3 3 1 3 3 3 3 1 3 3 3 1 1 2 1 1 2 1 
845 -451
-673 -62
46 -783
899 -910
687 861
-854 -61
760 -125
-112 378
-860 -446
362 451
30 10 6
837 -292
756 379
350 105
382 -581
83 -275
-355 251
500 -815
-700 -835
165 -166
291 220
-400 -334
-379 -887
244 -122
-761 -791
-529 313
596 -634
205 85
79 -911
554 885
712 402
280 -726
-395 -282
800 -306
523 101
-27 271
65 695
418 381
821 722
608 -457
248 -180
4 1 4 5 3 1 6 6 2 4 3 6 6 3 1 3 2 3 6 3 4 3 2 6 1 6 3 2 6 5 
904 -595
-857 -970
704 881
34 -684
965 -774
148 938
499 -647
565 -934
390 310
-375 853
30 10 1
-404 -797
-668 -320
-208 788
806 -383
-674 925
846 -366
-117 858
455 158
-724 -527
-631 -589
-348 787
827 736
974 -431
625 -19
-185 -178
-787 -416
-379 -147
903 -940
926 -317
366 -211
723 55
-671 89
968 -500
-394 -823
-851 -5
92 791
-329 391
-575 -953
-796 192
890 -928
1 1 1 1 1 1 1 1 1 1 1 1 1 1 1 1 1 1 1 1 1 1 1 1 1 1 1 1 1 1 
543 -635
-782 297
-784 -828
532 -757
-346 424
-651 19
350 -302
390 -788
619 421
-608 -319
30 10 1
-97 -812
-641 453
-596 -660
-401 -579
628 -280
-754 321
290 -803
495 -208
967 -309
796 467
-853 -802
121 -559
162 -985
876 -529
-826 -820
437 -650
178 -984
594 -457
402 -677
584 302
-178 -902
770 344
973 813
905 -949
186 898
758 29
-734 464
-930 484
696 642
360 -242
1 1 1 1 1 1 1 1 1 1 1 1 1 1 1 1 1 1 1 1 1 1 1 1 1 1 1 1 1 1 
77 246
125 -691
-15 -417
341 209
142 -227
-393 971
-484 -610
372 -947
-814 448
481 921
30 10 6
-330 5
-884 447
-913 525
-264 -126
-503 817
263 659
24 -93
569 -998
-9 -109
-211 89
-47 184
-933 -41
22 -855
881 851
-450 590
4 -316
-318 -722
983 229
45 -347
-358 -102
-919 931
-449 -525
-636 779
-60 -313
822 -39
-261 192
-11 190
-2 675
-271 -956
-661 -697
1 1 1 5 5 6 4 4 5 6 3 4 2 1 3 2 3 4 3 3 1 1 6 5 6 1 4 6 3 6 
-797 -397
-152 818
-413 -747
885 68
-973 -974
44 -373
-928 -765
-845 331
-883 -414
-737 -81
100 20 5
4352 -5860
-7070 -1330
-9926 -1900
2747 -7291
2394 -8371
-59 7703
903 -8263
-4732 1553
2444 8367
-9951 3053
7696 -5310
-7893 -769
-7615 -2858
-4023 -2035
-2215 -6442
-850 5899
6397 -4252
-6422 8669
5986 -7447
-8574 -5669
-2766 8853
-6336 -3203
2646 -2583
-5043 3541
-373 782
-1026 8251
7289 -9747
4814 -3931
-2010 59
2057 -8960
1028 -9421
-6542 -4036
1842 -3034
-5731 -4892
-7777 6006
2528 -1907
-7660 -7552
-8151 -1642
6029 6587
-4466 3248
4199 3871
-1365 -3629
-8993 -3545
1673 1182
407 -5126
-7331 2169
-4838 -7036
-5423 2842
9573 9326
-760 -3126
-1379 -8381
-6308 2662
1606 -8934
-8790 -7862
1687 -2762
3983 -1016
2181 -8409
883 1761
-3225 -2925
-9401 -4817
-6788 -3718
-4243 2946
-3000 1877
-9387 -9591
4447 -9088
720 -3463
131 -37
1407 -9398
-8942 -5621
-1847 -7361
-1862 -7995
2297 9130
-4436 -1075
7261 -4788
-3428 2237
-1647 -8477
4255 -5534
8959 -7522
1236 8653
2983 9846
-4409 -6395
2332 -1353
-3175 -8223
9935 -987
4829 -1385
-3985 -1955
9023 -9072
-1454 -9574
2312 -9187
9007 -4967
-6971 -7764
-7764 2015
-2651 7870
1308 793
452 -5198
6412 -2076
-4664 -760
-2603 -1329
-6106 6914
-3147 -3876
5 4 1 4 5 1 2 3 3 5 3 2 5 2 1 5 1 1 2 2 3 5 4 2 5 2 5 4 4 1 5 3 2 2 5 1 5 4 2 1 1 3 3 2 5 1 5 1 5 3 4 1 1 1 3 2 3 1 4 1 3 3 3 2 3 3 1 2 2 2 5 1 4 5 4 1 1 3 3 4 2 1 5 5 5 1 2 2 4 5 5 3 3 5 2 4 5 3 3 1 
9921 8250
8578 -1989
-5329 -6268
1277 -248
-1679 -3896
-6048 976
7013 1359
-6142 1860
6499 388
-7404 537
-3012 8965
-4435 -964
-6337 -778
-3060 -4350
4954 1690
-9348 -4352
-6781 -2012
-3821 2266
-4555 -5686
-8672 -101
100 20 5
8498 -6575
-4099 -9207
3882 2467
-3469 509
-3833 -7005
-1620 5329
-6541 -3132
1398 -6878
711 4394
2335 -5380
-8939 8883
1172 -3669
-3070 -9352
-2334 1780
-6410 -3245
671 2563
-9703 8772
7918 -4572
8918 2032
604 -812
-5084 -4087
8819 -6791
7908 -1804
-4503 -4431
2572 -1659
-6731 -3797
-9049 -5969
-3634 1873
-9420 -8678
-7027 4462
-2891 6616
5779 4302
-7764 -303
-8823 -7618
-6690 2245
-4055 -671
-355 9780
-5371 -4163
9988 -6219
-9728 -8399
7905 -1872
-9319 -7668
3993 2536
4113 9122
9960 568
-7031 -1963
5832 3811
1744 -5124
-397 1924
-6058 -9405
9069 -3027
-7454 -8083
5597 -1234
5965 -1821
-7015 -6348
-5532 -9592
-9907 -971
337 1132
180 1544
-7135 -6332
3717 -8743
-5537 -5260
180 797
-7842 4470
-4425 8581
-7747 -4328
9703 -594
-2675 -2849
-6870 -8320
-945 -1963
-1073 -74
-6242 -2367
408 -7974
3018 6322
3776 -2476
777 319
3924 -6331
339 5172
9315 5521
-9692 6949
-6019 -9799
2695 2215
-2538 -1775
1365 -1088
-6740 -6962
5144 6043
4107 -2557
3508 896
-8595 -25
3880 9988
-4987 6903
-8143 -2435
-4996 -4509
1263 -7239
-1634 5251
876 -1841
8240 -5270
-4837 1493
-9437 1436
-1793 -4171
5 5 2 3 5 5 5 5 1 4 4 1 5 2 4 3 2 5 4 3 5 4 5 1 4 4 3 4 4 1 3 3 3 2 1 5 3 4 3 3 5 2 2 1 1 3 1 4 1 1 4 2 5 1 5 5 2 1 3 2 1 3 2 2 4 3 2 3 5 3 2 1 4 4 5 5 4 5 3 2 5 1 1 2 4 3 4 4 3 5 1 5 5 5 2 3 2 5 3 3 
-6459 -2208
444 9423
752 -5661
-1163 2010
-4402 9813
-1523 -8696
-5069 -360
-9339 -5709
-5022 1501
6474 -7173
2089 9729
-9375 4284
-5940 118
-111 3996
-9700 8205
7002 -1112
1643 -4154
-3682 -7710
-3645 -9968
-7476 1461
100 20 5
2151 2717
7525 7497
-6907 -6969
6422 -2026
-7365 1901
-3933 -4030
-715 1698
-8811 -6965
1608 -8672
-645 9574
-4759 -8593
5282 -5911
3936 -9659
1574 -1946
-4570 -4724
-4479 5986
7434 -3479
5648 -740
-9712 -3556
-8308 -370
5406 -5148
-2340 -9027
-5033 1414
-4114 -6680
-4791 -3058
2818 -4217
4932 -813
-5977 -2254
-2709 -8862
-5334 -9954
7377 -8268
6156 -5553
-1893 -6653
8179 -921
8846 -7621
-8285 -1628
-4348 1939
6095 3244
-7299 -1059
-3061 -3137
1630 -5379
-3198 8568
-2923 2007
-623 -8527
286 8141
-9430 -6210
-1597 4551
-323 -5495
9832 -3886
-7147 -9131
-4155 -8819
5348 291
2228 322
-223 -8713
-371 -7884
-2030 4824
48 -4971
4744 1983
-2299 -8318
-5911 5225
-1090 937
4242 8784
-91 2186
-2789 -9032
-7468 3231
-130 -6705
1790 -6630
4755 -4625
-41 6488
-4258 1125
4179 7245
-2389 -3272
5609 -2912
5304 -702
-3751 -2565
2515 -9276
-3177 -8157
-6906 -3497
1182 -2268
-5103 -219
-2359 -5871
823 -5767
-3232 -8662
2652 -4620
-362 -354
-980 4161
-9036 4212
574 -598
493 6276
1306 -5298
-3780 363
5723 -1942
-9747 -4737
-8528 2112
3865 -3841
-6748 4183
-7443 -5201
-3001 -1987
3222 420
5060 -4041
4 4 3 2 3 5 2 2 5 4 4 3 2 1 3 2 5 3 2 1 1 3 2 1 2 3 3 1 1 3 5 1 3 5 4 1 1 1 1 1 1 4 2 3 2 5 1 4 5 3 3 2 5 4 5 2 4 3 2 1 1 4 2 2 2 4 2 4 4 3 5 3 3 3 1 5 5 4 5 1 2 2 5 2 2 5 3 4 3 1 2 3 3 2 3 2 3 5 5 2 
-8162 -982
-716 815
-598 -4269
-7808 -6131
-2960 2808
233 -9208
9763 -3565
-9642 -5386
5522 1413
-7395 3411
9169 1066
3605 -5089
-9614 908
1608 -2135
-5669 9792
952 -23
-5965 5482
7735 1999
-9253 9667
-43 -1158
30 30 5
-4514 453
-6871 1538
2047 4130
6524 -3074
-5453 -2541
-3900 -5845
-9615 -732
7450 -8261
-3556 -6253
8136 5075
-8786 9906
470 7947
-1808 -4758
-2449 -7652
-5431 3998
-995 -9130
-6535 -6728
977 -5327
-125 -6689
4040 9576
-5231 -4087
-6001 3713
-1005 -2127
966 -50
-7732 2153
165 -5028
9127 9425
-6497 -7680
-4788 -7512
450 -9993
3 1 1 3 4 4 3 4 5 3 4 2 1 1 1 4 5 4 5 2 4 5 5 4 5 3 1 2 3 5 
-3828 3755
-4908 6430
-1570 -5422
-7894 -9259
-6445 5644
5172 -3373
9469 -9676
-2550 4546
-579 9460
-6206 2319
-4404 7414
-3985 -2987
9276 -490
-9143 -2311
-5032 -102
-4180 5431
-9393 -9401
994 862
-3687 -7282
165 9397
-1294 -7515
2112 -886
-538 -2438
21 7235
9550 6091
8678 -109
606 -2064
-1588 -1804
-6814 -2147
-4950 -3024
50 40 5
-2229 8098
9949 -9830
-409 -6914
424 6930
-8794 4687
535 -3452
-2626 -2857
2642 1978
-6840 -5032
2146 -4053
9350 -9813
4109 1343
278 6741
3286 3316
-500 -4522
-9305 27
2053 -4731
-4138 4296
-3405 2393
-7679 -9271
6207 1608
-4898 5688
-2739 -7883
338 -5333
-4384 132
9310 8308
7394 -9164
-8641 -122
-3651 1222
-969 -1580
655 7455
74 -1470
-4453 1877
2243 -9516
-2558 -3321
5729 -1045
3189 1706
1709 -7694
2211 -608
-1334 -5452
-7369 -7212
-8879 8752
1701 -2237
9470 589
5030 3858
-411 -1517
-7847 -1721
-3543 1971
3606 61
5968 4169
2 3 3 5 1 5 1 2 3 5 2 1 5 3 4 5 2 2 2 4 3 5 5 5 5 3 5 1 3 3 5 3 5 2 5 2 4 5 5 5 5 3 2 4 2 1 4 3 2 2 
-3411 3693
-4771 -7792
-5805 8302
6917 -9836
-5734 8990
5510 -599
-3883 -9707
2043 -5237
2214 -9148
-6643 -9353
-7746 -289
-4212 -634
6443 -2603
-9089 3930
-5166 -2046
-8579 2422
-7625 -4861
-6342 -5102
-5595 8529
-7896 -2355
-6899 841
-9547 -2554
5353 -7573
-2249 7271
-7422 6373
1681 -9918
-7687 6318
1936 -7394
-3455 -8490
2575 -2541
-8884 6110
772 -4523
-8856 9765
633 -7828
-7671 -4957
-1987 -8561
-5206 -7240
-106 -1050
1453 -7961
5529 4948
100 30 5
6566 9207
-3508 7717
-1535 7272
2195 -5414
-4236 649
2865 -4394
3464 3162
6078 4536
-2996 -8680
-7225 -3290
-6020 3455
-3916 -1184
-250 1906
-6043 2294
2191 9014
-456 1848
7699 1511
210 366
-7988 -3388
154 3883
-3754 -913
-2872 -3203
-7664 -7597
-9665 -2843
-9564 -8283
-9992 -8402
1387 2255
-5309 -8134
1260 -3001
-7767 -8361
-1212 -6585
-3917 -6724
-9911 -7078
-2032 -8721
5779 1970
5586 -8569
-6830 576
-5094 -4588
8869 -6233
-1546 -2920
-4053 2856
-7609 -4478
-2821 67
-7737 1714
4050 894
-6581 -2914
9194 2822
-8923 -9383
-6957 -6281
-113 -8943
-3845 9590
6244 -8905
2067 -2649
5550 -8412
2541 -5766
7046 955
-983 -1814
9465 -887
-9584 -5502
-3064 -2316
-1024 -3555
-2862 -4813
-6360 -8038
6840 9594
981 -1177
-3370 -4104
1039 1209
-426 -1276
-3649 -9878
-1045 -8938
-8428 -9256
4123 7411
-4221 -5903
-6985 -1398
-6635 -3052
8239 -3387
-5220 -8850
-9207 -6373
-6137 -8949
2608 676
-9318 560
-7827 2062
7063 -411
-7279 -6154
-5439 -8528
5565 -7600
-6017 -440
153 -1240
-3579 6089
-791 -2480
-209 1539
2626 -976
-206 -4554
631 1858
337 4100
-5447 3552
-3190 -9634
3805 -6884
-4872 1280
4224 3506
3 4 5 3 2 5 1 1 1 4 4 2 3 1 5 2 3 5 3 5 3 3 2 4 2 3 5 3 3 2 4 5 3 5 5 4 1 5 4 4 1 1 3 2 5 5 2 2 2 5 2 2 2 1 1 4 4 4 3 5 3 3 5 2 4 4 3 4 2 2 3 3 4 1 5 5 1 2 3 1 1 5 5 4 4 4 5 1 5 4 1 5 3 3 5 4 2 1 1 5 
-8168 -1092
186 -8003
7174 8454
1264 -1956
-9378 -1324
-3310 687
-2718 -9980
5979 2901
8792 -2423
-9992 -6835
-2790 -6266
-2406 -2910
7639 -1956
-2775 -4353
-7495 -9631
-9994 1097
4712 -5742
2582 -6643
-9753 -6166
-3925 -999
-4026 -1614
-8474 -8216
-4712 -5445
-2773 -6945
-1534 7082
-9229 -8609
-6217 -9836
6745 5329
-4861 1450
-3924 5991
300 40 5
4092 -7643
-2102 9091
-5905 1312
9465 -910
1526 -9975
859 1084
-3571 5060
-1742 1288
2289 -2975
1746 -3315
-8852 -3234
6180 1609
-6290 2763
-7361 7286
2467 5634
6049 -2246
-7934 -9725
-9058 -9091
9442 1919
-717 416
2580 -5454
-5343 429
1741 -8242
8854 -9429
-7773 -7426
270 -7949
-7942 9290
-5575 6823
-5471 -8426
-1026 32
-2059 5200
-2656 -5721
8849 -7224
2752 2281
-4833 -4031
133 1799
173 585
-3976 -7797
-8408 -6616
-2029 6719
1506 -332
2683 -1537
-7880 268
-854 -7377
9074 -1725
-8527 -951
746 -2883
8126 -6660
9073 -1384
1850 -5232
-7987 -6738
-1961 -1108
-7864 -4392
-4150 860
2950 5525
3635 9388
1044 -7956
-4029 -679
-8983 971
256 -5301
-8759 -5538
-4126 5949
3173 -3469
6690 2076
1641 3744
6453 1913
-5226 -6228
6803 -5352
-7730 6408
-6980 9001
-7631 -9890
-8356 -3399
-7803 4460
9583 -7222
2490 1778
-9022 8802
-5265 -3413
-6856 9855
-2896 3226
1875 -3375
-3039 -3803
4469 6476
-5568 9350
-930 -2380
-4122 797
-2184 1210
-178 4780
1112 6450
1657 -66
4359 -6566
-1840 3241
-9385 -9253
-3539 3828
8412 -9190
6772 1625
-9700 -2972
8644 -7730
7973 -5103
-3980 -3520
8033 9190
1466 2083
-2555 -1481
-664 -6489
-8305 -4615
8251 2506
3601 -2130
-5226 -3916
-6519 255
-5175 -3615
-9037 -3629
7063 -6439
7428 -9379
-2666 3751
5964 8368
-4774 9064
-5339 -9193
7345 7361
8811 -8822
-4409 -4011
9129 7163
3378 -2760
-5225 6353
-274 -2625
-31 6040
9739 1016
-214 -521
-7551 -1726
-3503 -4126
6883 1747
-2862 -1008
91 -1600
-1231 -4944
-4975 7518
-7022 4184
-8848 -1759
-309 3902
-5596 -4241
-4960 8362
1703 -112
-3453 -6518
-2916 -5563
3558 -6646
8060 -358
6829 -1445
-4592 94
-8415 -6373
-3459 -6797
7949 1815
-5242 1698
707 681
941 -3534
-2558 552
4669 5176
-1516 2593
-1660 -4496
-8068 2497
-5756 -1780
-4883 -5100
5838 -6581
-4483 4499
2532 -817
7390 -4424
2856 1290
-9662 -3435
3829 -2698
6918 -1433
6695 -2961
8050 -634
-8223 -6375
-9412 -3042
1327 6278
-784 -8638
108 -3338
-8532 -9762
8384 -1699
-7027 -9329
-1686 7662
8498 -2642
2437 -6582
-7081 4852
2725 -4478
8994 -7815
6340 -1793
-572 6491
-5158 -9731
-7937 8585
242 6139
-6264 -8810
9531 2318
-2394 1937
-9351 -7911
2917 6872
-150 7969
1318 -4824
-1731 4989
-9549 -9416
674 -8658
-4290 -2138
-2612 -9907
-1663 2610
3409 -1942
-4986 -1718
-4688 -811
9676 5926
-8362 7063
-8377 1780
-7293 8292
2378 -9803
5738 -9199
1952 -21
9526 3275
-1759 -9492
1169 8000
-1691 -9927
9705 5761
-7921 6770
6829 -4566
-5992 1610
821 1407
-3771 -424
-8470 -1732
-395 -9233
-251 -6008
8933 -3887
-2222 7881
5132 6401
9433 5723
4903 -5802
3676 -3006
-7813 -3657
-8958 -9856
-4263 -1917
-2347 163
7773 -2193
-5528 6177
-5799 -5483
-4196 -8442
-968 -885
9319 -8019
702 146
-7956 -8051
-6420 -8944
1868 -5579
5134 -1471
1929 -9155
-3091 2345
7038 -1645
-3996 -5972
2705 -7267
-803 8098
6321 -2945
6643 5958
-202 -5350
-2920 6254
-3152 -3079
1886 -3808
-6658 2310
8654 -222
-9701 -3902
1404 4274
5632 1398
7263 -4266
-9851 -2621
1817 -617
4779 193
-6367 -2612
-1226 -3292
-4551 9169
7583 -7550
-2146 -4703
2889 886
-2773 -1790
-4783 -4546
-5834 2077
8844 -5110
2266 -495
-6773 -9545
-3334 616
-9278 -1161
8195 4524
8169 -2155
-6641 5331
-638 -2023
-4174 5024
-2499 9191
2385 4108
345 -4947
-752 -7006
-7284 5499
-1907 9451
-8794 -426
-8719 -7639
-2576 -856
-6234 -9690
9754 -8230
-3772 -1808
5909 9252
-7950 -4736
733 -1661
-2008 -8
5 4 3 3 1 2 4 5 4 4 2 3 2 5 4 5 5 1 3 3 4 5 2 4 4 4 1 1 2 4 5 2 3 4 1 3 3 3 4 2 5 2 4 3 5 3 4 4 4 2 2 5 4 2 3 3 2 4 4 2 5 1 1 2 2 3 4 1 5 1 3 1 4 4 5 4 3 5 1 5 5 4 4 1 4 2 1 1 2 3 4 4 5 1 4 4 1 2 5 5 1 5 4 1 4 3 4 4 2 5 5 1 4 1 3 5 4 2 5 2 4 1 5 4 3 2 1 2 2 3 1 1 2 2 5 5 3 5 5 2 3 2 3 3 2 3 4 3 5 2 5 4 5 5 1 4 3 3 1 1 5 1 5 4 5 5 3 4 4 2 3 5 4 2 4 1 4 2 1 3 5 2 4 4 5 4 3 5 2 5 5 3 5 5 4 5 1 5 1 3 2 1 5 4 5 5 1 5 5 5 1 4 4 5 5 1 4 3 1 1 2 3 1 5 5 4 2 4 2 2 4 5 1 2 3 5 5 4 3 5 5 3 1 4 1 3 2 5 4 2 5 5 2 4 5 3 1 5 3 1 1 1 3 5 2 1 3 3 5 3 3 3 4 1 3 3 3 2 4 3 2 2 1 2 3 1 2 1 5 5 1 2 3 3 4 5 5 4 1 3 
-3653 1494
2088 -3635
-8192 -8908
-3426 -5085
-7967 -3761
-939 -8664
1974 5199
-4823 2363
-9655 -903
2066 -2651
-2395 -2805
7087 4121
3533 2057
-3390 -547
-2845 -9519
-9061 -523
-8490 -3722
-9063 -8879
-7625 1803
-3345 -3506
904 6048
-7516 -191
-2407 -9975
6366 -7828
-6506 -7643
6495 1714
-8195 8989
5200 6066
-6549 9514
2365 2766
-8957 636
7010 6510
2277 312
-1243 -124
-1343 8835
2275 -337
-9612 -9798
5359 -9885
5447 686
-7976 -6713
