6 2877
2 17886
3 22452
3 1336
4 20761
8 22615
3 864
5 20894
3 15026
7 18969
9 4568
8 15208
7 17522
7 959
10 23062
5 20523
9 10627
2 23087
4 20726
3 495
6 7991
2 7618
4 9219
9346982 59002
8073370 2082376
5145097 466585
4986344 791739
6063137 1015469
5528939 1862499
3005607 923564
2499282 837912
2794330 2152068
7303641 495728
3500072 1507633
3340109 1969710
5476544 1454784
5271231 128319
9104725 625881
6376743 1535373
1243211 2298557
7357474 1808454
2999788 1579004
9391055 2187886
8732449 1647463
3935976 2227356
8518925 217901
1 1
