20
300 8
2 1
3 1
4 1
5 4
6 3
7 2
8 4
9 5
10 5
11 10
12 11
13 10
14 11
15 12
16 12
17 14
18 13
19 18
20 17
21 17
22 17
23 18
24 21
25 24
26 22
27 22
28 24
29 27
30 29
31 28
32 30
33 30
34 31
35 34
36 32
37 32
38 33
39 34
40 38
41 38
42 39
43 39
44 42
45 44
46 45
47 43
48 46
49 44
50 47
51 49
52 48
53 49
54 49
55 51
56 55
57 52
58 56
59 58
60 56
61 58
62 60
63 58
64 59
65 63
66 62
67 64
68 64
69 65
70 66
71 67
72 70
73 72
74 70
75 74
76 71
77 73
78 76
79 78
80 75
81 80
82 77
83 78
84 82
85 82
86 85
87 86
88 83
89 87
90 86
91 87
92 88
93 92
94 91
95 92
96 94
97 95
98 95
99 95
100 95
101 99
102 99
103 101
104 100
105 102
106 102
107 104
108 105
109 104
110 105
111 106
112 110
113 112
114 113
115 114
116 112
117 114
118 113
119 115
120 117
121 120
122 119
123 118
124 120
125 124
126 122
127 123
128 127
129 127
130 127
131 128
132 131
133 130
134 131
135 132
136 134
137 136
138 135
139 137
140 138
141 140
142 140
143 139
144 141
145 143
146 145
147 146
148 143
149 148
150 148
151 148
152 148
153 152
154 149
155 150
156 152
157 152
158 157
159 158
160 158
161 157
162 160
163 159
164 163
165 161
166 161
167 166
168 163
169 167
170 165
171 169
172 167
173 169
174 170
175 170
176 175
177 176
178 173
179 175
180 177
181 180
182 179
183 180
184 179
185 182
186 185
187 185
188 187
189 185
190 189
191 186
192 188
193 192
194 193
195 194
196 191
197 194
198 196
199 194
200 197
201 196
202 201
203 199
204 202
205 202
206 205
207 205
208 204
209 204
210 207
211 207
212 209
213 212
214 213
215 212
216 214
217 213
218 215
219 217
220 219
221 220
222 218
223 222
224 222
225 222
226 221
227 222
228 226
229 227
230 228
231 228
232 231
233 228
234 229
235 234
236 231
237 234
238 237
239 235
240 235
241 240
242 241
243 242
244 242
245 241
246 243
247 245
248 244
249 244
250 248
251 246
252 248
253 249
254 251
255 253
256 251
257 253
258 256
259 257
260 255
261 256
262 261
263 258
264 263
265 260
266 262
267 262
268 267
269 266
270 269
271 268
272 271
273 272
274 272
275 270
276 273
277 273
278 273
279 278
280 279
281 279
282 279
283 278
284 281
285 280
286 284
287 283
288 287
289 285
290 285
291 286
292 287
293 289
294 290
295 292
296 293
297 293
298 295
299 298
300 298
45 122 26 54 25 76 39 91 125 21 43 88 75 123 147 76 78 146 141 145 16 64 120 108 68 56 41 60 118 6 115 13 82 38 100 40 119 144 149 112 66 122 19 4 62 39 79 140 38 118 57 75 108 75 73 107 76 82 109 131 78 124 26 47 62 76 22 24 25 145 109 136 37 47 21 152 46 120 15 34 127 131 52 80 31 61 8 104 114 98 31 102 51 147 11 95 105 32 9 134 56 65 99 72 19 110 2 26 52 131 51 26 94 123 94 48 124 35 81 10 148 54 94 97 97 117 126 115 126 141 4 148 117 85 140 36 51 130 60 57 150 13 95 3 50 40 133 19 149 8 130 151 6 18 28 33 111 150 51 123 72 49 42 42 18 145 129 88 99 27 93 115 12 105 133 140 102 54 45 26 78 59 38 11 140 90 8 90 5 75 70 65 31 61 116 18 43 29 123 61 127 15 123 104 131 76 78 97 130 86 141 100 141 110 35 66 59 59 143 143 144 117 38 27 105 131 46 15 98 140 143 16 25 29 88 90 122 104 24 121 14 100 61 83 39 139 112 27 42 137 6 82 66 41 4 23 115 102 74 40 130 129 115 150 29 86 17 23 153 34 99 50 136 106 89 9 136 102 52 101 23 99 94 58 132 10 53 10 94 116 77 115 44 118 139 120 144 37 54 116 
300 148
2 1
3 1
4 1
5 1
6 1
7 2
8 6
9 8
10 5
11 7
12 8
13 12
14 9
15 14
16 13
17 15
18 14
19 15
20 16
21 19
22 20
23 18
24 22
25 22
26 22
27 22
28 25
29 28
30 29
31 28
32 27
33 28
34 29
35 30
36 33
37 32
38 37
39 38
40 38
41 39
42 41
43 38
44 42
45 41
46 42
47 43
48 43
49 44
50 46
51 46
52 51
53 51
54 51
55 50
56 55
57 55
58 53
59 57
60 59
61 57
62 59
63 60
64 62
65 60
66 63
67 64
68 67
69 64
70 69
71 68
72 69
73 68
74 71
75 73
76 72
77 74
78 73
79 74
80 76
81 77
82 79
83 81
84 81
85 83
86 84
87 84
88 86
89 88
90 89
91 86
92 91
93 91
94 91
95 91
96 93
97 94
98 93
99 97
100 96
101 98
102 100
103 102
104 100
105 100
106 101
107 102
108 106
109 108
110 108
111 107
112 109
113 111
114 109
115 114
116 115
117 113
118 113
119 118
120 116
121 119
122 120
123 120
124 122
125 120
126 124
127 122
128 127
129 127
130 128
131 128
132 128
133 129
134 131
135 134
136 132
137 135
138 133
139 137
140 135
141 139
142 137
143 141
144 142
145 144
146 143
147 142
148 147
149 144
150 146
151 149
152 149
153 148
154 149
155 152
156 155
157 155
158 156
159 158
160 157
161 158
162 159
163 158
164 159
165 162
166 163
167 164
168 167
169 164
170 169
171 168
172 170
173 171
174 173
175 170
176 173
177 172
178 176
179 178
180 177
181 177
182 177
183 178
184 180
185 184
186 184
187 186
188 186
189 187
190 188
191 190
192 190
193 190
194 193
195 191
196 195
197 193
198 195
199 194
200 198
201 197
202 200
203 202
204 200
205 204
206 201
207 204
208 203
209 205
210 206
211 206
212 211
213 212
214 213
215 210
216 211
217 213
218 214
219 216
220 217
221 219
222 217
223 222
224 223
225 224
226 222
227 225
228 225
229 227
230 227
231 229
232 227
233 229
234 232
235 231
236 235
237 233
238 236
239 234
240 236
241 236
242 240
243 242
244 239
245 240
246 245
247 246
248 247
249 245
250 247
251 247
252 249
253 248
254 250
255 251
256 255
257 256
258 257
259 257
260 257
261 260
262 259
263 259
264 260
265 262
266 264
267 262
268 267
269 268
270 266
271 268
272 268
273 269
274 269
275 274
276 273
277 272
278 277
279 274
280 276
281 280
282 281
283 279
284 283
285 284
286 281
287 286
288 286
289 287
290 288
291 289
292 287
293 289
294 289
295 292
296 291
297 293
298 297
299 296
300 299
81 57 43 95 102 51 145 69 87 101 8 116 96 82 5 24 136 106 27 40 102 127 34 37 100 123 114 125 80 16 16 88 82 65 33 17 128 146 84 68 126 51 64 57 45 26 27 84 76 82 31 66 102 123 6 32 69 33 14 23 127 40 110 101 12 68 118 29 102 92 28 117 71 96 65 99 140 146 120 36 35 14 91 44 21 62 20 138 67 55 101 151 9 128 107 123 41 65 19 83 31 31 118 52 87 94 46 80 109 29 106 69 1 27 69 118 92 50 67 120 38 126 49 39 65 64 81 47 33 64 110 117 65 65 127 62 123 124 122 37 81 27 147 109 142 92 44 86 124 6 69 91 43 118 55 118 35 101 133 136 57 18 133 44 118 93 89 55 136 124 141 108 50 98 11 79 111 72 40 106 26 100 90 69 93 127 10 115 17 85 27 47 7 136 13 15 116 57 132 152 61 98 39 40 22 110 146 2 108 42 58 74 11 79 89 103 1 49 153 150 10 45 92 123 89 70 108 28 119 61 130 37 25 40 53 146 101 151 70 135 125 54 101 123 128 9 153 122 31 123 42 92 25 68 8 99 130 1 78 106 71 121 153 140 51 19 109 146 59 38 65 93 113 151 143 25 53 147 77 51 11 106 134 137 74 26 123 35 66 47 48 146 93 47 129 73 43 71 27 15 
300 278
2 1
3 1
4 1
5 4
6 3
7 2
8 3
9 4
10 5
11 6
12 10
13 10
14 9
15 10
16 13
17 13
18 17
19 14
20 19
21 17
22 20
23 21
24 23
25 21
26 21
27 25
28 24
29 27
30 26
31 29
32 28
33 32
34 30
35 32
36 34
37 34
38 33
39 37
40 35
41 39
42 39
43 42
44 43
45 40
46 43
47 45
48 45
49 47
50 46
51 46
52 50
53 48
54 53
55 50
56 52
57 53
58 54
59 56
60 56
61 57
62 58
63 58
64 62
65 61
66 64
67 62
68 67
69 64
70 68
71 67
72 70
73 68
74 69
75 72
76 74
77 73
78 76
79 75
80 76
81 80
82 78
83 81
84 82
85 81
86 83
87 85
88 86
89 85
90 86
91 87
92 91
93 91
94 90
95 91
96 91
97 92
98 94
99 96
100 97
101 97
102 98
103 99
104 103
105 103
106 105
107 102
108 105
109 106
110 105
111 109
112 111
113 109
114 110
115 114
116 111
117 116
118 114
119 118
120 119
121 116
122 121
123 120
124 121
125 121
126 123
127 125
128 123
129 125
130 129
131 126
132 131
133 131
134 129
135 130
136 132
137 135
138 134
139 134
140 137
141 136
142 141
143 140
144 143
145 144
146 143
147 146
148 143
149 146
150 148
151 150
152 150
153 151
154 153
155 154
156 153
157 153
158 157
159 158
160 159
161 160
162 159
163 158
164 160
165 164
166 164
167 166
168 167
169 164
170 167
171 167
172 168
173 170
174 172
175 172
176 171
177 173
178 177
179 174
180 177
181 180
182 181
183 178
184 182
185 183
186 181
187 182
188 185
189 187
190 186
191 189
192 187
193 191
194 193
195 190
196 195
197 193
198 195
199 197
200 198
201 200
202 198
203 198
204 201
205 201
206 204
207 204
208 207
209 204
210 208
211 206
212 211
213 209
214 211
215 210
216 211
217 215
218 216
219 217
220 219
221 218
222 218
223 219
224 223
225 221
226 224
227 223
228 226
229 227
230 226
231 230
232 229
233 230
234 230
235 234
236 232
237 233
238 237
239 237
240 238
241 238
242 237
243 240
244 239
245 241
246 242
247 242
248 246
249 244
250 247
251 248
252 248
253 251
254 251
255 250
256 251
257 255
258 253
259 255
260 259
261 257
262 260
263 261
264 263
265 260
266 263
267 263
268 266
269 266
270 268
271 268
272 271
273 271
274 269
275 271
276 275
277 275
278 277
279 278
280 275
281 278
282 280
283 280
284 279
285 284
286 281
287 285
288 287
289 285
290 285
291 286
292 289
293 288
294 292
295 290
296 295
297 296
298 295
299 296
300 297
72 133 125 27 9 140 21 2 89 4 19 57 135 88 87 34 116 53 30 81 87 26 44 106 31 2 16 58 153 95 49 90 10 60 18 150 95 137 9 91 115 106 104 124 85 89 77 91 98 93 42 19 63 50 35 143 36 59 140 66 151 143 70 70 19 3 68 99 112 127 73 89 21 68 32 151 88 54 99 152 14 70 150 91 74 33 67 41 80 86 4 58 110 82 41 134 111 84 66 130 48 11 132 92 116 97 22 110 113 124 148 135 48 122 38 95 38 93 74 9 71 6 78 131 120 105 32 113 129 27 128 75 30 26 91 75 118 60 84 143 110 47 92 119 18 66 121 143 136 75 115 72 129 25 44 74 77 106 142 76 19 54 125 137 128 134 89 136 122 64 12 22 63 94 59 135 147 125 56 135 27 55 99 87 95 94 64 120 18 128 5 117 104 112 24 132 53 129 33 16 95 122 99 66 22 133 57 122 96 19 115 101 12 95 11 100 116 16 88 114 50 116 129 20 7 12 28 34 153 12 36 82 47 49 131 59 153 70 14 72 47 21 142 133 119 140 46 16 80 122 132 100 45 48 120 1 136 111 95 127 71 21 112 26 39 61 14 36 118 153 2 5 118 152 122 54 126 106 121 50 7 134 107 76 90 5 146 112 35 26 87 12 127 42 111 117 36 27 66 128 
300 171
2 1
3 1
4 2
5 1
6 4
7 3
8 5
9 5
10 5
11 9
12 8
13 10
14 10
15 14
16 11
17 12
18 14
19 15
20 17
21 16
22 19
23 18
24 21
25 23
26 22
27 23
28 23
29 28
30 25
31 28
32 27
33 31
34 30
35 34
36 32
37 33
38 36
39 36
40 37
41 37
42 41
43 41
44 43
45 40
46 42
47 46
48 44
49 44
50 45
51 50
52 50
53 51
54 53
55 52
56 55
57 52
58 57
59 57
60 55
61 58
62 57
63 62
64 62
65 62
66 64
67 66
68 63
69 67
70 69
71 70
72 71
73 72
74 69
75 70
76 72
77 72
78 73
79 74
80 75
81 77
82 81
83 80
84 81
85 82
86 83
87 82
88 85
89 84
90 85
91 87
92 89
93 92
94 93
95 93
96 94
97 94
98 97
99 95
100 98
101 99
102 97
103 100
104 100
105 104
106 103
107 104
108 107
109 107
110 108
111 106
112 111
113 112
114 110
115 110
116 113
117 113
118 115
119 117
120 116
121 117
122 120
123 121
124 122
125 121
126 124
127 125
128 125
129 127
130 125
131 128
132 127
133 130
134 133
135 132
136 135
137 136
138 135
139 137
140 137
141 137
142 139
143 140
144 142
145 144
146 144
147 142
148 143
149 146
150 145
151 150
152 150
153 152
154 152
155 152
156 151
157 154
158 154
159 158
160 155
161 158
162 158
163 159
164 159
165 161
166 163
167 162
168 166
169 166
170 168
171 170
172 169
173 171
174 173
175 171
176 173
177 172
178 173
179 176
180 177
181 176
182 179
183 182
184 182
185 180
186 181
187 186
188 187
189 184
190 187
191 190
192 191
193 188
194 193
195 191
196 193
197 193
198 195
199 194
200 196
201 198
202 201
203 199
204 201
205 202
206 204
207 204
208 205
209 206
210 206
211 210
212 211
213 212
214 212
215 213
216 211
217 216
218 215
219 216
220 219
221 218
222 217
223 222
224 223
225 223
226 222
227 225
228 225
229 227
230 229
231 226
232 229
233 228
234 230
235 231
236 232
237 235
238 235
239 234
240 238
241 240
242 239
243 239
244 239
245 240
246 241
247 245
248 245
249 246
250 249
251 249
252 250
253 252
254 249
255 253
256 251
257 254
258 257
259 258
260 258
261 256
262 260
263 261
264 263
265 263
266 261
267 264
268 265
269 264
270 266
271 268
272 271
273 268
274 269
275 274
276 273
277 273
278 274
279 277
280 278
281 277
282 279
283 279
284 280
285 281
286 281
287 285
288 284
289 288
290 288
291 289
292 291
293 288
294 293
295 291
296 295
297 292
298 296
299 294
300 299
28 100 73 21 150 75 127 14 118 34 49 113 116 19 48 54 151 57 67 71 133 83 99 30 116 64 76 139 85 45 77 46 77 78 61 2 71 67 98 50 95 115 50 112 54 33 63 121 27 137 36 124 115 11 6 106 133 36 152 147 3 38 120 66 40 13 21 20 108 114 68 69 36 73 9 113 61 99 106 102 62 105 120 132 99 48 22 76 115 14 87 141 137 3 151 123 19 16 13 5 123 78 12 142 119 64 43 59 24 79 2 82 141 61 130 100 129 128 25 140 45 81 97 51 61 27 46 134 140 114 132 63 46 78 74 152 39 152 29 137 131 47 90 61 32 14 44 83 91 9 104 24 135 116 8 152 42 85 144 95 133 146 84 4 125 9 74 94 130 56 25 116 35 17 108 17 19 142 41 38 16 51 106 50 108 116 8 21 151 52 111 40 68 79 145 104 141 64 81 16 105 132 96 139 14 16 123 82 20 42 139 87 56 115 63 46 90 101 96 35 57 114 30 29 147 30 141 129 66 86 119 87 85 99 31 1 24 148 144 147 97 81 75 94 98 117 5 127 151 89 50 104 96 110 7 90 88 109 97 136 107 138 113 26 135 137 128 32 24 28 41 127 87 94 58 33 35 115 105 124 76 39 36 6 150 76 49 25 40 55 88 83 113 121 48 121 31 142 3 139 
300 134
2 1
3 1
4 3
5 4
6 2
7 3
8 4
9 5
10 6
11 8
12 10
13 12
14 13
15 14
16 14
17 12
18 13
19 16
20 16
21 17
22 21
23 19
24 20
25 20
26 22
27 25
28 25
29 24
30 29
31 26
32 30
33 28
34 30
35 32
36 35
37 34
38 34
39 37
40 36
41 39
42 39
43 41
44 41
45 42
46 43
47 45
48 44
49 47
50 48
51 46
52 48
53 48
54 53
55 52
56 52
57 54
58 57
59 55
60 58
61 57
62 60
63 60
64 63
65 64
66 63
67 65
68 63
69 66
70 65
71 68
72 71
73 69
74 72
75 74
76 73
77 76
78 75
79 74
80 78
81 79
82 77
83 81
84 83
85 84
86 81
87 83
88 83
89 85
90 85
91 89
92 89
93 92
94 90
95 90
96 93
97 96
98 93
99 94
100 99
101 99
102 97
103 98
104 100
105 101
106 104
107 105
108 105
109 104
110 106
111 109
112 109
113 112
114 111
115 113
116 111
117 113
118 117
119 118
120 118
121 119
122 119
123 120
124 119
125 120
126 122
127 122
128 126
129 127
130 125
131 127
132 127
133 129
134 132
135 130
136 132
137 132
138 137
139 136
140 137
141 138
142 141
143 138
144 140
145 141
146 145
147 142
148 147
149 144
150 145
151 149
152 147
153 149
154 150
155 154
156 153
157 156
158 157
159 154
160 156
161 157
162 160
163 162
164 163
165 164
166 163
167 162
168 166
169 165
170 166
171 167
172 168
173 169
174 172
175 173
176 173
177 172
178 175
179 174
180 177
181 176
182 181
183 181
184 183
185 183
186 182
187 185
188 187
189 184
190 186
191 187
192 189
193 192
194 192
195 194
196 193
197 194
198 195
199 198
200 198
201 200
202 200
203 199
204 203
205 200
206 202
207 203
208 206
209 205
210 207
211 208
212 209
213 211
214 212
215 214
216 213
217 212
218 215
219 217
220 218
221 220
222 220
223 220
224 222
225 220
226 224
227 222
228 227
229 225
230 229
231 227
232 231
233 232
234 231
235 234
236 233
237 232
238 233
239 236
240 236
241 238
242 237
243 238
244 241
245 240
246 241
247 243
248 244
249 248
250 249
251 248
252 251
253 248
254 249
255 254
256 254
257 254
258 256
259 258
260 256
261 256
262 260
263 258
264 263
265 264
266 263
267 263
268 263
269 268
270 266
271 269
272 268
273 272
274 271
275 274
276 274
277 276
278 277
279 276
280 279
281 278
282 281
283 281
284 283
285 284
286 285
287 282
288 286
289 288
290 286
291 288
292 287
293 288
294 290
295 290
296 294
297 292
298 296
299 297
300 299
56 98 1 131 148 138 2 130 91 148 98 75 80 91 62 104 63 29 44 6 115 19 128 41 90 82 59 102 41 88 121 137 3 113 14 91 12 88 10 26 76 144 145 70 66 125 97 71 139 92 25 127 25 90 134 140 148 94 144 48 125 91 16 121 29 111 118 101 51 144 82 50 120 39 58 89 2 14 31 45 62 55 123 100 57 128 79 146 101 144 66 85 26 87 82 51 54 114 96 37 153 73 18 117 5 92 82 102 74 6 96 44 46 134 24 109 25 30 77 60 135 112 130 82 55 4 136 23 76 86 28 92 2 18 82 45 130 14 63 140 108 150 17 22 27 69 17 20 3 67 145 49 54 147 139 76 25 96 9 30 119 149 88 44 112 112 92 45 152 135 86 39 152 130 140 146 18 51 34 101 113 7 25 104 81 21 123 129 140 18 96 73 125 52 47 56 98 119 27 89 130 45 143 118 124 151 62 91 104 89 91 131 63 115 4 64 58 128 75 94 74 89 100 44 98 90 112 136 153 23 96 70 78 65 101 150 5 76 143 5 55 72 125 132 68 149 146 108 63 94 77 131 116 126 59 136 141 105 69 72 106 107 99 140 25 136 129 35 54 63 32 97 74 59 38 143 146 37 33 136 2 81 17 112 90 108 76 119 71 147 143 39 32 151 59 11 81 81 17 23 
300 206
2 1
3 1
4 2
5 4
6 1
7 2
8 5
9 8
10 6
11 8
12 9
13 9
14 9
15 10
16 14
17 12
18 15
19 16
20 15
21 16
22 20
23 18
24 21
25 21
26 22
27 22
28 25
29 28
30 27
31 29
32 29
33 32
34 29
35 30
36 32
37 33
38 34
39 38
40 35
41 40
42 39
43 38
44 43
45 40
46 41
47 46
48 46
49 44
50 49
51 50
52 51
53 51
54 49
55 50
56 53
57 54
58 57
59 54
60 56
61 60
62 57
63 59
64 61
65 63
66 65
67 64
68 63
69 68
70 65
71 67
72 71
73 69
74 70
75 72
76 71
77 72
78 76
79 76
80 77
81 80
82 77
83 80
84 81
85 81
86 83
87 85
88 85
89 86
90 87
91 87
92 89
93 89
94 91
95 93
96 92
97 94
98 95
99 98
100 99
101 100
102 97
103 99
104 103
105 100
106 103
107 103
108 104
109 108
110 105
111 109
112 109
113 108
114 113
115 111
116 113
117 112
118 113
119 115
120 119
121 117
122 117
123 120
124 123
125 121
126 122
127 125
128 125
129 126
130 127
131 127
132 130
133 131
134 132
135 132
136 132
137 133
138 136
139 136
140 137
141 137
142 138
143 141
144 139
145 141
146 142
147 146
148 143
149 145
150 147
151 148
152 147
153 150
154 151
155 150
156 152
157 156
158 157
159 155
160 155
161 159
162 161
163 158
164 163
165 161
166 164
167 162
168 166
169 164
170 168
171 169
172 171
173 169
174 171
175 173
176 172
177 176
178 175
179 174
180 175
181 176
182 180
183 178
184 179
185 180
186 184
187 182
188 186
189 186
190 188
191 186
192 189
193 192
194 192
195 193
196 194
197 193
198 195
199 195
200 196
201 197
202 198
203 202
204 200
205 201
206 203
207 206
208 203
209 205
210 205
211 207
212 208
213 211
214 213
215 214
216 214
217 215
218 217
219 218
220 216
221 217
222 219
223 220
224 222
225 222
226 223
227 222
228 227
229 228
230 227
231 229
232 231
233 229
234 232
235 234
236 235
237 234
238 237
239 235
240 239
241 238
242 237
243 242
244 240
245 242
246 244
247 243
248 244
249 247
250 247
251 249
252 249
253 249
254 252
255 253
256 251
257 252
258 255
259 257
260 255
261 259
262 257
263 262
264 263
265 261
266 262
267 263
268 263
269 267
270 269
271 270
272 271
273 270
274 270
275 272
276 274
277 272
278 275
279 277
280 277
281 279
282 281
283 279
284 283
285 280
286 285
287 284
288 286
289 287
290 287
291 290
292 287
293 288
294 290
295 293
296 293
297 292
298 297
299 294
300 296
7 31 149 99 55 94 76 132 134 41 91 121 42 50 140 52 130 86 108 120 86 66 14 119 69 145 5 101 5 42 68 150 63 21 50 109 59 78 113 126 67 79 73 111 145 34 47 95 91 145 93 71 21 59 20 102 23 50 27 70 15 148 36 67 110 8 99 3 82 137 63 151 144 135 91 115 150 6 42 142 15 55 6 148 80 9 94 108 32 63 86 102 63 4 109 40 44 30 95 60 18 20 147 48 36 42 120 9 106 3 118 81 29 139 47 108 16 46 111 86 14 73 119 49 26 84 143 142 85 100 65 85 61 14 150 51 119 123 88 39 47 78 74 108 52 20 121 3 126 130 37 22 131 138 86 100 82 94 80 7 101 109 64 108 145 75 65 17 85 110 146 18 35 115 15 42 124 76 57 84 35 55 141 128 104 14 51 141 122 74 97 49 133 42 48 18 44 102 121 33 79 4 145 38 115 102 63 126 19 46 44 151 65 144 92 88 12 152 19 43 43 8 69 68 98 45 32 33 7 146 2 116 59 74 51 125 42 115 37 103 145 6 5 111 130 73 10 63 67 149 57 38 50 85 61 145 106 56 99 1 5 38 57 146 144 24 44 115 145 8 152 80 25 46 51 24 90 118 78 133 61 131 2 10 86 39 75 71 62 108 114 47 48 144 118 131 121 131 42 42 
300 21
2 1
3 2
4 3
5 1
6 3
7 4
8 3
9 4
10 8
11 10
12 8
13 12
14 10
15 11
16 12
17 14
18 16
19 17
20 17
21 17
22 20
23 20
24 23
25 21
26 21
27 23
28 26
29 28
30 25
31 26
32 28
33 30
34 33
35 33
36 32
37 32
38 35
39 35
40 37
41 37
42 41
43 42
44 40
45 42
46 44
47 44
48 46
49 45
50 47
51 50
52 47
53 48
54 49
55 54
56 55
57 53
58 57
59 58
60 55
61 58
62 60
63 61
64 63
65 64
66 62
67 65
68 64
69 66
70 69
71 66
72 71
73 71
74 70
75 72
76 71
77 74
78 77
79 74
80 77
81 79
82 77
83 81
84 80
85 82
86 84
87 84
88 86
89 84
90 86
91 87
92 90
93 89
94 93
95 94
96 91
97 95
98 94
99 96
100 95
101 100
102 100
103 99
104 103
105 100
106 103
107 103
108 107
109 106
110 108
111 108
112 109
113 109
114 110
115 112
116 115
117 112
118 115
119 115
120 115
121 117
122 117
123 121
124 121
125 121
126 123
127 122
128 123
129 126
130 126
131 127
132 131
133 130
134 129
135 132
136 132
137 135
138 137
139 137
140 135
141 136
142 139
143 138
144 142
145 142
146 143
147 145
148 146
149 146
150 147
151 147
152 150
153 151
154 153
155 154
156 155
157 155
158 154
159 157
160 159
161 160
162 159
163 161
164 161
165 160
166 162
167 165
168 165
169 165
170 169
171 170
172 170
173 172
174 169
175 172
176 171
177 175
178 175
179 177
180 178
181 179
182 179
183 179
184 183
185 183
186 184
187 184
188 186
189 188
190 187
191 186
192 187
193 190
194 193
195 194
196 192
197 195
198 193
199 195
200 199
201 196
202 200
203 200
204 202
205 201
206 204
207 203
208 204
209 207
210 205
211 208
212 210
213 209
214 213
215 210
216 211
217 215
218 214
219 216
220 218
221 220
222 218
223 218
224 222
225 220
226 224
227 223
228 224
229 226
230 229
231 230
232 227
233 228
234 233
235 233
236 235
237 236
238 235
239 234
240 239
241 240
242 241
243 242
244 240
245 240
246 245
247 244
248 246
249 246
250 249
251 246
252 248
253 250
254 252
255 252
256 254
257 255
258 256
259 258
260 258
261 256
262 257
263 262
264 259
265 263
266 263
267 263
268 266
269 266
270 269
271 268
272 268
273 272
274 270
275 272
276 272
277 272
278 274
279 275
280 278
281 279
282 280
283 279
284 279
285 280
286 283
287 285
288 286
289 284
290 285
291 290
292 287
293 288
294 290
295 293
296 291
297 294
298 297
299 298
300 297
4 45 133 11 32 69 62 8 58 96 20 39 100 99 34 69 78 111 2 111 123 38 108 108 2 121 102 11 3 76 139 127 138 45 17 104 40 99 124 125 140 85 70 18 134 68 9 20 133 93 10 52 17 69 11 118 123 124 51 140 65 90 103 122 59 105 74 98 34 105 88 141 11 72 71 102 134 91 113 33 80 69 150 148 88 26 64 60 68 69 128 19 130 77 88 74 17 38 100 75 110 111 121 15 97 63 44 40 43 50 66 120 20 122 40 55 22 81 74 30 102 81 76 145 93 75 130 75 37 57 139 8 74 105 112 13 32 4 106 43 115 150 3 132 63 97 99 71 55 107 90 65 139 80 107 64 84 47 47 63 39 14 51 129 75 24 109 29 139 60 45 39 63 93 100 115 11 51 135 98 150 55 130 11 52 96 117 143 48 63 32 100 1 73 120 74 30 111 136 50 113 12 141 94 30 125 34 36 25 14 5 85 28 32 153 114 145 110 120 117 32 33 147 118 43 111 140 36 125 75 85 1 46 130 141 59 102 9 73 38 123 86 94 46 116 56 147 9 85 22 112 53 4 32 76 145 80 112 28 109 8 89 4 82 68 11 149 73 151 132 39 105 107 104 109 98 37 122 87 22 87 113 20 54 110 5 86 19 65 37 68 141 45 8 7 65 130 77 91 111 
300 216
2 1
3 1
4 1
5 4
6 3
7 3
8 3
9 5
10 8
11 8
12 9
13 10
14 11
15 13
16 13
17 15
18 13
19 18
20 18
21 18
22 19
23 22
24 20
25 24
26 24
27 26
28 24
29 28
30 26
31 26
32 29
33 30
34 30
35 34
36 34
37 34
38 34
39 34
40 37
41 40
42 39
43 41
44 40
45 44
46 44
47 42
48 45
49 46
50 48
51 50
52 48
53 50
54 49
55 50
56 54
57 52
58 57
59 57
60 58
61 56
62 57
63 62
64 63
65 62
66 62
67 66
68 65
69 68
70 67
71 68
72 68
73 70
74 71
75 72
76 71
77 73
78 76
79 74
80 77
81 77
82 77
83 79
84 79
85 82
86 83
87 84
88 83
89 86
90 88
91 87
92 87
93 89
94 89
95 92
96 91
97 96
98 95
99 95
100 99
101 99
102 101
103 99
104 103
105 100
106 101
107 104
108 104
109 105
110 107
111 109
112 107
113 110
114 111
115 111
116 114
117 112
118 116
119 114
120 118
121 119
122 120
123 122
124 121
125 124
126 121
127 124
128 126
129 125
130 127
131 128
132 131
133 132
134 130
135 134
136 131
137 132
138 137
139 138
140 135
141 139
142 138
143 141
144 141
145 141
146 144
147 146
148 144
149 147
150 146
151 149
152 147
153 149
154 150
155 151
156 155
157 156
158 153
159 156
160 158
161 157
162 160
163 162
164 160
165 160
166 164
167 162
168 165
169 166
170 167
171 166
172 167
173 170
174 171
175 171
176 174
177 174
178 177
179 176
180 179
181 177
182 177
183 179
184 180
185 182
186 183
187 184
188 184
189 188
190 185
191 187
192 191
193 189
194 192
195 193
196 192
197 196
198 193
199 194
200 197
201 198
202 198
203 202
204 202
205 204
206 203
207 202
208 206
209 204
210 209
211 207
212 211
213 209
214 210
215 212
216 214
217 214
218 215
219 218
220 215
221 217
222 217
223 221
224 223
225 223
226 221
227 222
228 227
229 226
230 228
231 229
232 231
233 228
234 229
235 230
236 232
237 234
238 237
239 237
240 235
241 238
242 238
243 239
244 242
245 240
246 245
247 245
248 247
249 246
250 245
251 249
252 247
253 250
254 252
255 254
256 252
257 252
258 253
259 254
260 256
261 260
262 261
263 260
264 262
265 261
266 263
267 264
268 267
269 267
270 267
271 269
272 268
273 272
274 273
275 273
276 275
277 274
278 274
279 277
280 276
281 277
282 279
283 280
284 279
285 284
286 285
287 282
288 287
289 284
290 289
291 288
292 290
293 292
294 290
295 290
296 294
297 293
298 293
299 297
300 297
152 149 89 84 57 9 42 135 45 99 6 53 11 22 54 132 63 37 81 67 130 4 50 2 12 68 87 96 28 146 116 35 13 1 13 3 77 130 56 25 58 54 18 51 123 115 44 89 10 100 77 58 89 60 137 123 142 6 37 39 36 44 105 12 84 89 123 109 97 56 80 105 149 2 57 77 111 80 141 107 77 57 108 6 28 118 2 30 86 1 93 62 38 127 136 143 98 73 99 26 142 51 13 3 54 9 5 66 140 108 65 118 114 43 49 111 122 105 6 63 16 12 18 39 102 85 94 6 9 12 98 57 141 69 100 45 63 68 138 104 131 95 128 146 52 98 153 70 32 77 139 17 101 97 144 73 80 115 68 44 124 34 121 42 125 8 138 95 64 62 21 3 124 118 120 73 88 83 45 41 5 43 125 120 84 109 81 118 31 96 145 80 9 110 144 30 47 37 73 85 19 3 128 37 145 120 83 15 108 153 4 132 116 12 39 30 71 75 117 104 92 8 6 120 118 76 84 6 39 126 123 105 5 38 66 104 108 51 147 85 120 24 47 128 88 28 94 16 45 3 112 147 14 135 47 56 37 8 51 81 145 105 145 89 144 16 83 37 97 91 121 100 16 106 119 60 28 55 37 76 55 73 133 66 87 1 145 87 140 25 56 55 38 145 141 38 138 144 110 80 
300 182
2 1
3 1
4 1
5 1
6 2
7 3
8 7
9 8
10 7
11 9
12 11
13 11
14 9
15 14
16 12
17 12
18 16
19 18
20 19
21 19
22 20
23 19
24 23
25 23
26 24
27 25
28 23
29 28
30 29
31 28
32 29
33 29
34 31
35 30
36 32
37 36
38 35
39 37
40 37
41 36
42 38
43 42
44 39
45 42
46 45
47 42
48 45
49 46
50 45
51 48
52 49
53 52
54 52
55 50
56 55
57 54
58 57
59 54
60 57
61 57
62 60
63 61
64 60
65 61
66 63
67 65
68 65
69 67
70 67
71 66
72 71
73 71
74 70
75 70
76 73
77 72
78 73
79 74
80 79
81 80
82 81
83 79
84 79
85 84
86 83
87 83
88 86
89 86
90 87
91 87
92 87
93 92
94 90
95 94
96 94
97 96
98 96
99 98
100 99
101 97
102 97
103 98
104 102
105 104
106 102
107 103
108 107
109 106
110 107
111 106
112 109
113 111
114 111
115 114
116 115
117 114
118 113
119 116
120 118
121 120
122 117
123 120
124 122
125 123
126 124
127 123
128 124
129 125
130 129
131 127
132 131
133 132
134 133
135 131
136 131
137 134
138 133
139 134
140 136
141 137
142 141
143 138
144 143
145 140
146 141
147 142
148 147
149 145
150 146
151 150
152 151
153 152
154 149
155 150
156 152
157 152
158 154
159 155
160 158
161 160
162 159
163 161
164 162
165 161
166 161
167 165
168 163
169 166
170 165
171 167
172 167
173 168
174 172
175 173
176 172
177 172
178 175
179 176
180 177
181 178
182 181
183 182
184 182
185 182
186 184
187 185
188 184
189 185
190 186
191 186
192 189
193 188
194 189
195 193
196 195
197 192
198 193
199 196
200 197
201 197
202 200
203 201
204 200
205 203
206 202
207 204
208 206
209 205
210 209
211 206
212 207
213 211
214 209
215 210
216 215
217 216
218 215
219 214
220 216
221 219
222 220
223 218
224 223
225 221
226 221
227 222
228 224
229 224
230 227
231 229
232 231
233 231
234 233
235 232
236 234
237 235
238 233
239 235
240 236
241 240
242 239
243 242
244 240
245 240
246 241
247 244
248 243
249 245
250 248
251 247
252 251
253 248
254 253
255 253
256 254
257 252
258 257
259 254
260 258
261 258
262 258
263 258
264 261
265 260
266 263
267 264
268 265
269 268
270 268
271 267
272 270
273 268
274 271
275 271
276 272
277 275
278 274
279 275
280 278
281 278
282 280
283 282
284 279
285 281
286 284
287 284
288 283
289 286
290 288
291 290
292 287
293 288
294 290
295 290
296 294
297 292
298 296
299 298
300 295
68 150 132 6 118 110 101 11 151 92 114 125 43 95 93 68 2 58 87 61 24 68 16 58 81 1 63 151 106 41 18 52 29 73 72 64 49 6 62 88 58 100 64 7 63 44 66 15 67 145 84 107 82 77 115 20 31 45 107 144 79 9 108 85 123 102 35 123 138 143 15 28 3 70 25 153 80 96 131 73 77 72 76 16 91 103 114 2 149 146 43 12 85 94 146 68 151 35 105 5 99 108 50 67 106 11 109 46 105 63 99 36 110 86 32 61 54 23 19 135 71 139 96 143 60 149 79 86 8 46 110 45 148 19 3 39 12 79 70 56 66 36 63 65 28 148 75 120 115 36 10 24 44 122 35 124 2 62 139 9 29 101 49 70 47 1 30 80 10 111 48 70 14 79 42 74 116 27 3 121 94 31 116 122 71 30 152 76 77 64 11 57 37 46 38 9 61 138 127 126 64 7 39 85 49 70 21 141 79 100 132 110 34 110 68 5 69 10 43 131 122 79 18 96 75 129 102 115 151 115 150 22 68 62 124 113 148 74 51 90 39 34 140 89 104 143 118 51 106 95 146 6 60 2 67 44 68 32 27 69 68 29 146 48 36 71 110 147 18 71 1 70 31 19 99 126 77 122 46 130 131 29 63 57 118 32 46 17 142 73 117 4 34 73 55 103 72 65 26 91 
300 211
2 1
3 1
4 1
5 4
6 3
7 3
8 7
9 4
10 9
11 10
12 11
13 11
14 10
15 10
16 14
17 13
18 15
19 15
20 18
21 19
22 20
23 19
24 22
25 23
26 24
27 24
28 24
29 24
30 27
31 30
32 29
33 32
34 33
35 34
36 31
37 32
38 37
39 36
40 35
41 38
42 38
43 42
44 39
45 40
46 43
47 46
48 47
49 48
50 49
51 49
52 48
53 51
54 53
55 54
56 51
57 53
58 56
59 57
60 57
61 60
62 60
63 59
64 63
65 61
66 62
67 65
68 64
69 67
70 69
71 69
72 71
73 70
74 69
75 70
76 75
77 74
78 76
79 76
80 76
81 76
82 80
83 80
84 83
85 84
86 82
87 84
88 87
89 85
90 85
91 90
92 90
93 92
94 93
95 90
96 92
97 96
98 97
99 97
100 95
101 99
102 97
103 102
104 99
105 102
106 101
107 103
108 103
109 104
110 109
111 108
112 109
113 109
114 113
115 111
116 111
117 114
118 116
119 117
120 119
121 118
122 118
123 121
124 123
125 121
126 123
127 125
128 126
129 128
130 127
131 128
132 127
133 129
134 129
135 130
136 132
137 135
138 137
139 134
140 138
141 137
142 138
143 141
144 142
145 142
146 144
147 145
148 145
149 144
150 146
151 147
152 150
153 152
154 151
155 151
156 154
157 155
158 153
159 156
160 156
161 157
162 159
163 161
164 159
165 160
166 164
167 166
168 165
169 164
170 165
171 166
172 170
173 172
174 169
175 171
176 174
177 172
178 175
179 176
180 176
181 177
182 179
183 178
184 180
185 183
186 181
187 185
188 187
189 187
190 189
191 186
192 190
193 192
194 192
195 193
196 194
197 192
198 193
199 196
200 199
201 199
202 201
203 198
204 202
205 204
206 204
207 205
208 203
209 208
210 207
211 207
212 209
213 210
214 209
215 213
216 213
217 214
218 214
219 215
220 215
221 216
222 218
223 221
224 222
225 222
226 222
227 226
228 224
229 228
230 227
231 229
232 228
233 231
234 232
235 234
236 232
237 233
238 233
239 237
240 236
241 237
242 238
243 241
244 239
245 242
246 242
247 245
248 247
249 244
250 245
251 250
252 248
253 251
254 251
255 252
256 252
257 252
258 256
259 254
260 255
261 259
262 257
263 259
264 263
265 263
266 262
267 264
268 265
269 264
270 268
271 268
272 271
273 272
274 270
275 271
276 274
277 272
278 273
279 276
280 276
281 276
282 279
283 281
284 281
285 280
286 282
287 285
288 287
289 288
290 289
291 287
292 288
293 288
294 293
295 290
296 291
297 296
298 297
299 297
300 296
3 4 31 39 21 61 149 4 73 71 5 64 78 95 16 58 129 70 93 8 109 59 95 14 121 66 109 141 35 111 153 76 118 21 134 118 134 36 142 94 118 149 6 96 71 53 125 133 151 60 16 37 98 133 127 121 9 59 123 105 48 106 31 132 111 148 142 23 121 27 143 83 9 39 30 4 108 58 152 105 151 39 151 81 121 36 90 80 87 118 123 56 56 26 140 101 135 17 28 129 106 73 6 110 20 94 103 105 139 59 65 4 39 118 133 108 33 13 67 142 109 67 108 27 127 127 103 127 61 107 15 35 33 22 104 141 7 93 43 107 38 3 94 23 2 113 46 119 90 109 128 8 119 2 58 2 3 83 55 139 152 43 37 132 138 127 85 62 89 152 102 103 150 11 12 104 43 128 153 76 9 140 8 96 43 123 108 142 99 32 4 101 72 47 130 76 39 23 98 116 103 137 98 15 61 97 66 16 124 38 113 56 123 106 103 56 4 131 79 143 56 148 151 133 147 138 40 34 148 8 127 59 43 115 40 112 144 133 84 103 81 148 4 64 144 95 152 44 133 143 105 122 130 60 73 115 29 124 62 56 2 45 79 24 148 64 5 74 76 101 31 7 152 35 88 153 30 136 37 84 113 29 45 148 102 101 75 49 93 74 21 42 114 119 24 69 116 64 16 19 
300 92
2 1
3 1
4 2
5 4
6 2
7 5
8 6
9 5
10 7
11 6
12 11
13 11
14 9
15 12
16 14
17 15
18 16
19 15
20 15
21 17
22 17
23 20
24 23
25 23
26 23
27 22
28 27
29 25
30 25
31 26
32 27
33 28
34 33
35 32
36 31
37 33
38 34
39 37
40 35
41 36
42 37
43 42
44 39
45 40
46 42
47 46
48 44
49 44
50 46
51 49
52 48
53 52
54 50
55 52
56 54
57 56
58 56
59 56
60 56
61 59
62 61
63 62
64 63
65 60
66 63
67 63
68 67
69 68
70 69
71 70
72 71
73 69
74 71
75 70
76 75
77 74
78 74
79 77
80 77
81 79
82 77
83 78
84 80
85 83
86 84
87 84
88 86
89 86
90 88
91 86
92 91
93 89
94 91
95 93
96 95
97 96
98 94
99 94
100 98
101 99
102 99
103 101
104 100
105 104
106 101
107 106
108 106
109 108
110 106
111 106
112 111
113 112
114 112
115 110
116 111
117 112
118 117
119 116
120 119
121 120
122 118
123 120
124 120
125 123
126 123
127 126
128 124
129 125
130 129
131 126
132 128
133 130
134 131
135 131
136 132
137 132
138 134
139 135
140 137
141 136
142 141
143 142
144 141
145 140
146 143
147 144
148 143
149 148
150 146
151 149
152 150
153 151
154 150
155 152
156 155
157 153
158 154
159 158
160 157
161 160
162 158
163 159
164 160
165 160
166 162
167 163
168 167
169 165
170 169
171 166
172 171
173 172
174 170
175 171
176 172
177 172
178 173
179 175
180 176
181 176
182 177
183 179
184 183
185 181
186 185
187 185
188 184
189 184
190 189
191 186
192 191
193 191
194 192
195 191
196 192
197 194
198 195
199 194
200 198
201 198
202 201
203 198
204 202
205 201
206 204
207 206
208 205
209 206
210 209
211 208
212 208
213 210
214 211
215 214
216 215
217 212
218 217
219 215
220 218
221 220
222 220
223 220
224 222
225 220
226 222
227 223
228 223
229 228
230 228
231 227
232 227
233 231
234 231
235 234
236 232
237 232
238 233
239 236
240 237
241 239
242 237
243 238
244 241
245 243
246 241
247 242
248 246
249 245
250 246
251 248
252 251
253 250
254 250
255 251
256 254
257 255
258 256
259 258
260 257
261 258
262 257
263 260
264 261
265 262
266 264
267 264
268 266
269 266
270 269
271 268
272 268
273 269
274 270
275 271
276 271
277 275
278 274
279 276
280 276
281 277
282 277
283 279
284 281
285 281
286 282
287 286
288 284
289 285
290 288
291 286
292 288
293 291
294 289
295 292
296 295
297 295
298 296
299 298
300 299
8 152 36 6 68 86 67 48 34 9 44 83 47 87 84 91 48 26 109 71 60 65 28 49 56 128 122 146 112 51 4 75 44 115 6 140 94 55 70 80 27 75 45 127 44 15 1 91 32 86 141 95 129 66 6 95 3 96 100 130 135 145 38 98 58 24 94 145 51 107 31 93 17 27 108 75 77 47 63 124 23 83 37 124 99 130 152 72 27 122 39 140 109 117 117 146 13 143 20 55 140 76 109 148 64 24 110 120 151 87 18 43 144 52 128 18 90 62 88 39 131 79 47 15 13 89 74 97 54 52 15 14 27 76 118 85 132 36 59 146 131 14 74 129 36 86 16 62 101 20 129 118 64 8 52 120 151 15 123 63 125 74 63 7 87 150 125 139 32 143 103 74 68 85 144 97 40 7 17 141 123 97 89 70 100 149 62 100 72 76 137 116 11 71 39 66 53 148 114 66 58 4 52 5 125 71 98 62 138 94 69 138 103 17 124 98 105 56 117 92 73 151 34 122 125 97 50 44 51 97 18 58 45 99 63 26 143 95 21 42 55 55 109 147 99 8 122 148 7 27 101 55 47 73 120 1 98 148 10 31 66 82 100 83 77 152 148 49 92 3 142 35 79 121 70 1 52 95 90 12 66 77 123 122 105 30 20 122 6 112 2 15 18 5 77 112 20 73 58 3 
300 194
2 1
3 1
4 3
5 2
6 3
7 5
8 6
9 8
10 8
11 7
12 11
13 10
14 10
15 13
16 15
17 15
18 15
19 17
20 18
21 20
22 18
23 22
24 20
25 24
26 23
27 22
28 26
29 28
30 29
31 26
32 29
33 30
34 32
35 33
36 31
37 34
38 36
39 34
40 36
41 37
42 40
43 40
44 43
45 43
46 41
47 44
48 44
49 48
50 45
51 50
52 48
53 51
54 49
55 53
56 52
57 55
58 53
59 55
60 56
61 58
62 57
63 58
64 61
65 61
66 65
67 66
68 63
69 66
70 66
71 66
72 69
73 68
74 70
75 71
76 73
77 73
78 73
79 78
80 75
81 77
82 79
83 79
84 79
85 84
86 83
87 83
88 83
89 88
90 88
91 90
92 89
93 88
94 89
95 94
96 91
97 96
98 96
99 96
100 98
101 97
102 98
103 98
104 99
105 104
106 101
107 102
108 105
109 106
110 107
111 106
112 109
113 110
114 110
115 112
116 113
117 112
118 113
119 115
120 115
121 119
122 121
123 119
124 123
125 122
126 122
127 122
128 124
129 124
130 129
131 127
132 131
133 129
134 132
135 133
136 135
137 132
138 136
139 136
140 139
141 140
142 139
143 138
144 143
145 143
146 141
147 144
148 146
149 147
150 148
151 147
152 147
153 148
154 153
155 154
156 152
157 152
158 157
159 158
160 158
161 156
162 159
163 160
164 159
165 162
166 162
167 164
168 163
169 166
170 169
171 167
172 171
173 170
174 172
175 170
176 175
177 173
178 175
179 175
180 179
181 178
182 178
183 179
184 183
185 181
186 184
187 183
188 187
189 184
190 189
191 187
192 191
193 189
194 191
195 190
196 191
197 192
198 196
199 195
200 195
201 200
202 201
203 199
204 203
205 203
206 202
207 205
208 205
209 206
210 208
211 207
212 210
213 209
214 210
215 210
216 212
217 214
218 213
219 218
220 217
221 219
222 220
223 220
224 219
225 222
226 225
227 225
228 224
229 224
230 225
231 226
232 230
233 231
234 232
235 233
236 231
237 236
238 237
239 235
240 237
241 237
242 238
243 239
244 243
245 241
246 243
247 242
248 247
249 246
250 248
251 249
252 250
253 250
254 251
255 250
256 252
257 253
258 257
259 257
260 256
261 260
262 258
263 260
264 263
265 261
266 261
267 262
268 263
269 266
270 268
271 269
272 270
273 272
274 270
275 270
276 271
277 273
278 276
279 274
280 275
281 278
282 280
283 282
284 282
285 282
286 284
287 286
288 283
289 287
290 286
291 289
292 288
293 288
294 289
295 291
296 291
297 295
298 297
299 298
300 299
125 12 107 132 23 108 76 46 64 62 95 23 103 71 2 77 26 73 143 135 64 65 78 92 138 70 35 90 76 59 150 71 97 99 123 95 101 114 143 131 135 18 41 14 48 78 114 103 126 132 30 102 115 110 108 153 74 47 70 137 26 127 78 108 96 11 146 68 61 31 137 61 78 56 77 140 67 64 123 16 131 118 118 145 40 10 122 143 23 66 95 108 82 149 83 48 31 139 23 15 47 13 64 130 146 57 63 43 149 72 147 114 80 15 118 124 123 71 3 17 82 136 138 153 7 13 99 56 6 81 120 72 127 30 99 46 49 136 143 138 46 23 88 119 30 46 140 80 135 115 139 116 143 96 117 137 80 111 37 83 121 131 145 121 97 2 27 120 128 42 26 31 74 102 109 138 87 142 148 24 93 2 139 41 46 120 143 94 80 49 20 105 133 40 105 64 50 56 151 40 74 128 20 104 55 59 31 31 153 147 117 108 37 34 131 28 80 76 66 98 127 102 60 142 11 2 105 64 78 113 130 85 101 58 26 87 70 117 17 107 13 133 23 79 134 108 45 93 20 88 145 55 99 26 71 132 76 37 80 146 4 81 112 33 114 140 88 138 151 73 152 65 4 99 90 152 124 45 95 45 146 1 146 20 136 142 53 78 81 32 21 112 123 62 123 99 71 48 117 41 
300 176
2 1
3 1
4 1
5 3
6 5
7 4
8 7
9 7
10 7
11 9
12 9
13 11
14 9
15 10
16 11
17 12
18 14
19 14
20 16
21 16
22 21
23 21
24 19
25 21
26 25
27 26
28 25
29 28
30 25
31 27
32 28
33 29
34 30
35 34
36 31
37 32
38 36
39 38
40 35
41 36
42 39
43 39
44 43
45 41
46 44
47 42
48 47
49 46
50 45
51 50
52 48
53 48
54 50
55 54
56 54
57 54
58 57
59 55
60 59
61 57
62 60
63 61
64 62
65 62
66 61
67 62
68 65
69 65
70 68
71 66
72 71
73 69
74 71
75 71
76 74
77 75
78 73
79 78
80 77
81 78
82 78
83 79
84 83
85 81
86 85
87 83
88 84
89 85
90 89
91 89
92 88
93 89
94 92
95 90
96 95
97 94
98 96
99 94
100 97
101 99
102 99
103 100
104 101
105 103
106 102
107 105
108 105
109 106
110 106
111 106
112 108
113 109
114 113
115 112
116 115
117 114
118 117
119 115
120 117
121 116
122 117
123 121
124 121
125 121
126 121
127 125
128 124
129 124
130 125
131 128
132 131
133 130
134 130
135 134
136 135
137 136
138 133
139 134
140 138
141 139
142 139
143 141
144 142
145 140
146 141
147 145
148 143
149 146
150 148
151 148
152 150
153 151
154 152
155 153
156 151
157 155
158 154
159 155
160 155
161 160
162 161
163 159
164 160
165 162
166 163
167 163
168 163
169 166
170 169
171 169
172 171
173 168
174 172
175 174
176 175
177 173
178 174
179 174
180 176
181 180
182 178
183 180
184 183
185 182
186 184
187 182
188 183
189 186
190 187
191 187
192 188
193 188
194 192
195 192
196 191
197 192
198 195
199 197
200 198
201 198
202 199
203 201
204 201
205 202
206 205
207 202
208 206
209 204
210 205
211 207
212 210
213 212
214 210
215 211
216 212
217 212
218 217
219 216
220 215
221 218
222 217
223 222
224 219
225 220
226 222
227 223
228 225
229 224
230 228
231 229
232 231
233 230
234 230
235 230
236 234
237 236
238 237
239 238
240 238
241 239
242 239
243 241
244 243
245 241
246 243
247 245
248 243
249 247
250 245
251 249
252 249
253 249
254 249
255 252
256 252
257 256
258 254
259 257
260 258
261 259
262 260
263 262
264 261
265 264
266 261
267 264
268 267
269 265
270 267
271 268
272 269
273 268
274 271
275 273
276 275
277 275
278 273
279 277
280 279
281 279
282 279
283 279
284 279
285 280
286 284
287 286
288 287
289 284
290 287
291 288
292 290
293 288
294 293
295 290
296 291
297 292
298 294
299 296
300 296
148 90 96 97 123 16 32 108 148 56 104 66 144 90 100 7 56 86 38 128 8 40 87 28 105 114 151 16 22 142 111 59 64 136 105 79 112 92 61 31 149 119 116 87 51 114 65 23 119 145 61 106 108 125 102 139 46 107 52 80 60 83 109 62 22 72 51 125 109 143 19 13 35 55 117 105 31 24 87 21 93 111 148 73 84 23 151 142 128 15 80 44 27 16 25 59 48 100 11 62 69 37 55 147 137 80 6 128 44 29 58 114 119 37 87 28 58 152 13 132 24 24 64 14 124 140 74 114 81 30 96 148 49 150 15 12 60 6 120 111 12 116 18 21 127 3 106 28 128 102 152 147 116 104 46 11 29 118 90 105 84 71 10 18 141 54 112 20 102 37 82 38 89 143 40 64 56 83 94 74 145 74 119 109 46 56 137 24 24 51 36 139 141 68 93 50 137 87 32 115 83 90 119 127 23 132 30 2 96 128 66 97 71 99 64 140 75 44 63 11 110 61 48 137 13 30 147 23 104 1 142 76 89 16 83 113 52 115 15 1 14 73 138 16 41 148 19 101 76 6 109 134 53 21 7 118 3 59 107 28 44 89 5 107 146 79 81 88 149 17 10 4 4 103 89 38 53 38 6 152 17 116 138 126 102 19 73 115 110 3 84 10 47 63 143 101 150 3 28 22 
300 74
2 1
3 1
4 1
5 3
6 5
7 2
8 7
9 6
10 6
11 9
12 8
13 10
14 12
15 14
16 15
17 16
18 17
19 18
20 15
21 18
22 19
23 19
24 22
25 22
26 23
27 24
28 23
29 25
30 29
31 28
32 29
33 28
34 32
35 30
36 35
37 34
38 37
39 37
40 38
41 40
42 37
43 40
44 43
45 42
46 42
47 44
48 45
49 46
50 49
51 47
52 47
53 52
54 53
55 50
56 52
57 52
58 53
59 58
60 55
61 57
62 58
63 61
64 61
65 63
66 62
67 63
68 64
69 67
70 65
71 69
72 71
73 69
74 69
75 70
76 75
77 72
78 74
79 76
80 79
81 76
82 80
83 82
84 83
85 82
86 81
87 85
88 83
89 84
90 88
91 86
92 90
93 91
94 93
95 93
96 91
97 93
98 95
99 96
100 99
101 100
102 98
103 102
104 101
105 101
106 105
107 102
108 106
109 108
110 105
111 110
112 108
113 112
114 112
115 113
116 114
117 115
118 117
119 118
120 119
121 118
122 119
123 122
124 119
125 122
126 122
127 123
128 126
129 125
130 128
131 129
132 131
133 130
134 133
135 132
136 133
137 135
138 137
139 135
140 136
141 136
142 138
143 142
144 142
145 142
146 142
147 142
148 146
149 145
150 147
151 148
152 151
153 152
154 149
155 151
156 151
157 156
158 155
159 155
160 157
161 156
162 159
163 160
164 163
165 160
166 161
167 164
168 166
169 167
170 169
171 168
172 170
173 171
174 172
175 173
176 172
177 175
178 175
179 175
180 179
181 176
182 181
183 181
184 183
185 180
186 182
187 183
188 185
189 185
190 185
191 186
192 190
193 191
194 193
195 190
196 191
197 192
198 196
199 194
200 197
201 196
202 198
203 202
204 200
205 201
206 204
207 203
208 205
209 208
210 206
211 208
212 209
213 209
214 210
215 212
216 214
217 212
218 216
219 216
220 217
221 217
222 219
223 218
224 222
225 224
226 224
227 223
228 227
229 228
230 226
231 227
232 228
233 229
234 229
235 232
236 232
237 234
238 235
239 236
240 237
241 240
242 238
243 239
244 239
245 244
246 242
247 246
248 245
249 247
250 246
251 246
252 249
253 248
254 249
255 252
256 251
257 254
258 256
259 257
260 256
261 256
262 258
263 262
264 260
265 260
266 263
267 266
268 267
269 264
270 267
271 269
272 267
273 270
274 271
275 271
276 275
277 272
278 275
279 278
280 278
281 277
282 279
283 281
284 280
285 283
286 284
287 285
288 286
289 287
290 286
291 288
292 291
293 289
294 290
295 293
296 292
297 293
298 295
299 295
300 296
6 7 16 119 53 45 76 148 30 59 19 27 68 22 118 144 31 36 28 89 124 77 114 118 83 56 31 114 112 74 107 35 70 24 55 118 111 111 11 64 111 6 102 42 133 97 20 142 28 6 16 136 14 149 148 47 116 79 140 146 9 149 20 106 148 37 68 34 66 59 60 122 53 6 65 24 150 151 107 94 21 81 20 148 9 111 125 52 108 3 18 45 88 141 63 14 74 72 35 36 150 112 134 106 42 34 99 144 105 86 85 136 133 149 20 125 84 13 48 81 103 40 97 71 70 143 35 1 29 139 65 39 119 38 88 45 49 88 144 38 145 1 101 76 125 57 3 144 39 27 70 106 112 60 96 45 147 79 48 8 50 127 73 6 78 123 1 79 43 29 34 134 93 70 142 121 101 64 129 136 136 23 35 64 9 49 131 34 128 72 101 33 2 39 89 149 143 147 38 146 86 59 107 53 103 22 91 35 72 127 122 33 2 100 3 10 51 51 41 107 41 144 48 118 108 115 58 45 145 49 109 14 137 55 63 67 30 104 70 47 23 72 38 52 25 84 65 17 10 139 98 19 49 34 25 144 147 57 93 61 98 130 46 116 125 89 72 96 51 114 110 121 131 8 100 107 19 118 107 57 132 148 8 75 146 7 26 145 59 66 92 153 140 112 68 132 140 48 18 38 
300 137
2 1
3 1
4 1
5 4
6 4
7 6
8 4
9 8
10 7
11 8
12 9
13 10
14 11
15 11
16 11
17 13
18 16
19 14
20 16
21 17
22 18
23 21
24 21
25 21
26 21
27 24
28 27
29 26
30 25
31 26
32 28
33 29
34 29
35 31
36 34
37 33
38 35
39 38
40 36
41 37
42 39
43 38
44 42
45 43
46 44
47 44
48 46
49 48
50 45
51 48
52 48
53 51
54 51
55 50
56 52
57 56
58 53
59 58
60 58
61 60
62 57
63 59
64 62
65 60
66 61
67 66
68 67
69 67
70 65
71 69
72 68
73 70
74 70
75 74
76 72
77 74
78 76
79 76
80 79
81 79
82 77
83 81
84 81
85 82
86 81
87 83
88 84
89 84
90 89
91 86
92 89
93 88
94 90
95 92
96 92
97 93
98 93
99 95
100 99
101 99
102 100
103 100
104 99
105 102
106 104
107 102
108 104
109 106
110 107
111 106
112 110
113 109
114 109
115 112
116 113
117 115
118 115
119 118
120 117
121 119
122 120
123 120
124 120
125 123
126 122
127 123
128 124
129 124
130 127
131 126
132 131
133 128
134 132
135 134
136 133
137 136
138 134
139 136
140 137
141 140
142 137
143 141
144 140
145 144
146 141
147 142
148 146
149 144
150 146
151 148
152 150
153 149
154 150
155 154
156 153
157 156
158 153
159 155
160 155
161 160
162 159
163 158
164 161
165 163
166 161
167 165
168 165
169 167
170 165
171 168
172 169
173 168
174 173
175 170
176 175
177 173
178 176
179 174
180 175
181 179
182 177
183 182
184 180
185 181
186 182
187 185
188 185
189 187
190 189
191 188
192 187
193 190
194 192
195 194
196 192
197 194
198 194
199 194
200 197
201 199
202 199
203 201
204 201
205 201
206 203
207 204
208 203
209 208
210 208
211 208
212 211
213 210
214 211
215 210
216 215
217 213
218 215
219 218
220 219
221 218
222 221
223 220
224 222
225 221
226 221
227 224
228 224
229 224
230 228
231 230
232 230
233 232
234 232
235 231
236 232
237 235
238 235
239 235
240 237
241 238
242 238
243 239
244 243
245 242
246 243
247 246
248 247
249 248
250 248
251 246
252 251
253 250
254 250
255 250
256 253
257 252
258 255
259 256
260 259
261 259
262 259
263 261
264 261
265 260
266 265
267 262
268 267
269 264
270 265
271 269
272 267
273 271
274 273
275 271
276 271
277 276
278 275
279 276
280 279
281 276
282 277
283 279
284 280
285 281
286 285
287 284
288 283
289 284
290 285
291 290
292 290
293 288
294 290
295 293
296 295
297 294
298 297
299 297
300 298
126 146 136 74 113 118 62 121 117 74 103 66 3 50 141 61 66 84 90 107 29 56 60 39 15 37 146 144 96 22 61 20 88 32 41 21 91 130 43 150 86 65 134 141 119 37 96 6 109 140 21 108 112 26 122 24 26 152 62 32 55 11 137 150 146 127 136 58 131 20 90 22 65 1 102 152 126 102 25 107 44 49 133 97 13 13 121 140 136 68 3 93 116 82 5 62 81 113 18 148 66 75 58 90 20 66 139 76 40 128 75 21 134 2 56 72 72 96 117 87 75 70 93 109 85 20 127 120 6 89 82 121 153 19 152 68 108 88 151 116 9 12 123 32 139 63 57 106 124 6 83 153 82 25 70 48 21 32 15 15 59 41 100 84 43 36 4 103 114 51 70 3 21 27 45 14 78 63 71 131 103 65 108 49 44 89 135 85 106 3 24 64 110 124 42 150 31 70 39 92 58 129 6 128 21 98 113 107 38 111 42 97 87 40 12 4 116 138 27 11 139 11 10 6 33 139 121 132 127 3 69 117 71 91 95 145 135 7 78 41 85 13 107 96 68 1 2 3 40 151 31 136 121 13 36 21 24 140 67 134 96 116 75 142 153 63 56 14 20 74 67 48 34 117 12 53 133 146 47 73 45 111 137 86 61 66 87 141 98 22 54 112 31 126 111 132 94 145 54 110 
300 109
2 1
3 1
4 1
5 4
6 3
7 3
8 7
9 7
10 9
11 6
12 7
13 12
14 9
15 14
16 13
17 14
18 13
19 17
20 15
21 19
22 20
23 22
24 23
25 22
26 22
27 26
28 23
29 26
30 25
31 28
32 29
33 30
34 33
35 31
36 34
37 34
38 36
39 38
40 38
41 38
42 39
43 42
44 39
45 43
46 43
47 42
48 43
49 45
50 49
51 47
52 47
53 52
54 51
55 51
56 54
57 53
58 53
59 54
60 57
61 60
62 58
63 59
64 59
65 62
66 65
67 62
68 65
69 65
70 65
71 67
72 70
73 71
74 72
75 72
76 71
77 75
78 75
79 75
80 76
81 78
82 81
83 78
84 80
85 83
86 82
87 82
88 84
89 84
90 87
91 86
92 90
93 89
94 90
95 90
96 92
97 92
98 95
99 98
100 97
101 98
102 98
103 99
104 99
105 103
106 102
107 104
108 105
109 104
110 108
111 109
112 110
113 112
114 111
115 110
116 113
117 112
118 114
119 114
120 115
121 116
122 117
123 120
124 123
125 122
126 121
127 125
128 126
129 126
130 126
131 127
132 129
133 132
134 133
135 131
136 134
137 136
138 135
139 136
140 139
141 139
142 139
143 138
144 142
145 143
146 142
147 144
148 143
149 144
150 145
151 149
152 149
153 150
154 150
155 153
156 151
157 153
158 156
159 157
160 155
161 159
162 160
163 158
164 162
165 163
166 162
167 162
168 166
169 166
170 166
171 168
172 170
173 172
174 171
175 172
176 173
177 173
178 177
179 177
180 178
181 178
182 179
183 181
184 179
185 182
186 185
187 186
188 183
189 187
190 189
191 186
192 190
193 192
194 189
195 193
196 194
197 196
198 193
199 198
200 195
201 198
202 198
203 199
204 201
205 203
206 201
207 203
208 205
209 204
210 209
211 209
212 210
213 209
214 209
215 213
216 215
217 212
218 213
219 214
220 216
221 218
222 217
223 221
224 220
225 220
226 222
227 226
228 225
229 225
230 225
231 228
232 231
233 228
234 232
235 231
236 231
237 234
238 237
239 234
240 236
241 236
242 241
243 239
244 239
245 244
246 242
247 244
248 246
249 246
250 246
251 246
252 250
253 252
254 251
255 251
256 254
257 255
258 257
259 257
260 259
261 258
262 257
263 259
264 263
265 264
266 264
267 264
268 266
269 264
270 269
271 268
272 270
273 270
274 271
275 273
276 275
277 276
278 275
279 276
280 278
281 277
282 280
283 281
284 282
285 282
286 281
287 282
288 284
289 284
290 288
291 287
292 288
293 288
294 290
295 292
296 294
297 296
298 293
299 297
300 299
4 25 147 134 147 101 13 56 32 66 111 27 40 136 109 100 64 22 122 144 65 14 46 78 82 95 129 135 103 133 68 54 31 5 6 129 47 115 97 29 40 72 60 94 108 20 116 105 30 128 4 97 17 144 122 34 126 100 18 38 147 77 133 21 44 56 138 142 147 15 82 31 130 39 16 74 119 72 138 82 70 114 117 83 137 144 108 45 11 76 51 39 57 105 28 94 17 31 141 84 51 118 31 104 3 21 119 83 64 115 71 144 61 39 45 117 6 35 58 153 1 135 144 103 24 4 106 122 115 25 22 143 61 150 93 69 135 122 53 21 91 67 82 23 35 78 90 80 147 140 134 121 90 39 16 12 136 136 10 24 99 73 29 54 84 110 33 133 107 59 103 119 74 114 9 104 80 48 86 108 45 140 5 50 130 49 147 66 119 50 90 153 2 63 80 116 69 1 103 26 141 126 92 73 107 17 121 114 109 92 146 72 10 19 143 99 19 9 146 38 71 121 23 8 124 63 122 107 7 64 32 56 9 102 93 18 66 69 153 84 51 19 133 129 105 8 73 93 27 34 81 115 112 19 15 22 46 39 143 41 113 85 149 121 118 51 63 58 102 122 3 132 37 55 17 121 94 142 31 30 103 58 109 37 56 138 64 82 42 60 44 75 8 66 15 135 110 70 78 53 
300 70
2 1
3 1
4 1
5 4
6 4
7 5
8 4
9 4
10 7
11 6
12 11
13 10
14 9
15 14
16 11
17 12
18 15
19 18
20 15
21 19
22 21
23 18
24 23
25 20
26 21
27 22
28 25
29 26
30 27
31 27
32 27
33 31
34 32
35 32
36 31
37 32
38 35
39 36
40 37
41 36
42 39
43 42
44 42
45 41
46 43
47 42
48 45
49 45
50 48
51 49
52 51
53 50
54 50
55 53
56 53
57 56
58 53
59 55
60 56
61 60
62 59
63 61
64 59
65 64
66 64
67 66
68 64
69 66
70 69
71 70
72 70
73 72
74 70
75 74
76 74
77 73
78 77
79 75
80 79
81 79
82 77
83 81
84 80
85 84
86 84
87 82
88 83
89 88
90 89
91 88
92 89
93 91
94 93
95 93
96 92
97 93
98 93
99 98
100 97
101 97
102 101
103 98
104 103
105 100
106 104
107 106
108 105
109 107
110 105
111 110
112 110
113 110
114 109
115 112
116 113
117 116
118 114
119 117
120 117
121 118
122 120
123 118
124 122
125 122
126 125
127 124
128 124
129 125
130 128
131 127
132 128
133 132
134 131
135 131
136 132
137 136
138 136
139 137
140 135
141 140
142 139
143 142
144 142
145 142
146 144
147 144
148 143
149 148
150 146
151 150
152 150
153 149
154 150
155 152
156 151
157 154
158 153
159 157
160 158
161 159
162 160
163 160
164 161
165 163
166 162
167 162
168 165
169 167
170 167
171 169
172 171
173 169
174 173
175 172
176 173
177 172
178 174
179 178
180 179
181 177
182 179
183 182
184 181
185 180
186 181
187 183
188 184
189 186
190 188
191 189
192 191
193 188
194 189
195 192
196 192
197 192
198 194
199 197
200 198
201 197
202 198
203 199
204 201
205 202
206 201
207 204
208 203
209 208
210 208
211 210
212 208
213 208
214 210
215 211
216 213
217 215
218 217
219 215
220 215
221 217
222 217
223 222
224 223
225 223
226 221
227 222
228 227
229 225
230 229
231 227
232 231
233 231
234 229
235 234
236 231
237 233
238 234
239 238
240 235
241 236
242 238
243 240
244 239
245 243
246 245
247 245
248 243
249 246
250 245
251 250
252 250
253 248
254 249
255 250
256 252
257 252
258 254
259 258
260 257
261 258
262 259
263 261
264 262
265 261
266 262
267 263
268 267
269 267
270 268
271 268
272 271
273 268
274 272
275 273
276 271
277 274
278 274
279 277
280 277
281 278
282 278
283 279
284 279
285 281
286 284
287 284
288 286
289 285
290 288
291 290
292 289
293 291
294 291
295 290
296 292
297 294
298 293
299 297
300 299
32 37 26 20 148 103 44 3 113 3 92 73 69 93 84 122 55 113 25 109 150 6 65 60 76 32 149 110 138 109 120 12 143 17 63 88 112 112 149 101 117 5 63 124 43 108 97 2 81 69 122 153 30 47 40 110 52 83 141 123 101 75 42 40 91 149 72 83 53 15 7 31 111 147 135 142 21 22 115 122 35 62 37 140 14 11 75 27 130 134 117 64 97 40 39 88 84 25 111 17 70 147 49 2 44 133 133 21 97 25 62 52 113 78 20 138 16 60 101 153 124 27 28 13 27 108 110 99 152 128 142 60 86 15 27 12 130 140 12 24 53 74 28 96 15 125 29 125 52 12 100 149 151 70 32 35 32 65 90 76 125 39 21 118 52 49 124 88 129 68 107 111 21 20 101 120 63 67 38 24 38 2 56 121 112 15 148 27 67 14 97 67 85 64 103 23 97 63 83 27 81 86 73 109 70 151 112 48 148 142 79 24 51 13 50 70 109 94 85 144 103 77 67 53 22 100 145 130 65 19 56 122 29 23 119 36 99 145 136 73 110 62 101 43 40 110 153 18 61 145 110 115 151 23 4 135 103 31 129 103 44 126 40 53 102 122 3 108 25 9 108 56 37 121 55 20 2 100 62 71 138 150 51 58 12 19 102 78 36 82 153 23 120 122 108 14 43 131 59 103 
300 192
2 1
3 1
4 1
5 2
6 2
7 5
8 7
9 8
10 7
11 6
12 9
13 10
14 12
15 14
16 11
17 12
18 15
19 16
20 18
21 20
22 21
23 22
24 19
25 21
26 21
27 24
28 26
29 24
30 28
31 30
32 30
33 30
34 33
35 34
36 34
37 36
38 37
39 36
40 38
41 39
42 41
43 38
44 43
45 40
46 45
47 44
48 45
49 44
50 49
51 49
52 51
53 50
54 51
55 51
56 52
57 56
58 57
59 55
60 56
61 57
62 59
63 60
64 63
65 61
66 62
67 66
68 66
69 67
70 69
71 70
72 67
73 70
74 69
75 74
76 75
77 76
78 77
79 77
80 77
81 76
82 77
83 81
84 83
85 84
86 83
87 82
88 83
89 88
90 88
91 89
92 87
93 92
94 93
95 93
96 91
97 92
98 94
99 95
100 97
101 97
102 98
103 99
104 99
105 104
106 101
107 104
108 105
109 106
110 108
111 107
112 111
113 109
114 110
115 110
116 113
117 115
118 115
119 118
120 119
121 118
122 118
123 119
124 120
125 124
126 125
127 122
128 127
129 128
130 127
131 129
132 129
133 129
134 133
135 131
136 132
137 136
138 133
139 134
140 139
141 137
142 140
143 141
144 143
145 143
146 141
147 144
148 144
149 146
150 149
151 150
152 147
153 150
154 153
155 150
156 153
157 153
158 157
159 154
160 157
161 158
162 157
163 162
164 163
165 163
166 165
167 162
168 166
169 167
170 166
171 170
172 171
173 172
174 169
175 173
176 173
177 174
178 173
179 174
180 178
181 178
182 181
183 180
184 183
185 183
186 182
187 183
188 185
189 188
190 185
191 188
192 188
193 190
194 192
195 191
196 191
197 192
198 197
199 195
200 197
201 198
202 201
203 199
204 203
205 203
206 201
207 205
208 206
209 208
210 208
211 209
212 208
213 210
214 212
215 211
216 213
217 215
218 216
219 216
220 217
221 217
222 220
223 218
224 222
225 223
226 222
227 224
228 224
229 225
230 226
231 227
232 228
233 229
234 233
235 230
236 233
237 234
238 235
239 237
240 238
241 240
242 240
243 240
244 242
245 240
246 242
247 243
248 246
249 247
250 246
251 246
252 247
253 250
254 252
255 252
256 252
257 255
258 257
259 256
260 257
261 257
262 257
263 258
264 259
265 263
266 262
267 265
268 263
269 264
270 265
271 269
272 271
273 272
274 271
275 273
276 272
277 276
278 273
279 278
280 276
281 279
282 278
283 279
284 282
285 284
286 281
287 284
288 287
289 285
290 285
291 290
292 288
293 291
294 292
295 293
296 293
297 294
298 294
299 298
300 299
115 58 147 51 71 70 129 49 11 136 103 105 122 76 62 8 4 61 126 71 117 67 104 80 125 82 107 39 1 127 44 149 104 149 40 104 8 138 152 101 137 24 98 4 20 41 38 129 34 71 146 94 99 23 78 103 33 101 45 98 132 80 85 63 117 16 34 60 68 55 88 146 87 111 108 83 23 48 137 67 66 130 79 130 119 126 128 19 151 100 15 53 146 137 7 61 137 81 3 46 131 114 62 37 88 84 20 19 133 24 19 143 47 79 135 142 31 68 66 150 95 29 84 38 47 4 135 56 144 20 59 33 94 149 72 10 4 39 137 96 149 131 99 89 116 122 34 28 6 51 83 38 52 27 44 48 123 23 139 17 134 7 30 142 133 86 87 38 80 13 115 114 118 89 104 52 11 9 139 144 42 139 31 81 141 1 150 80 5 20 24 23 102 91 69 58 33 65 142 116 123 111 126 26 75 31 146 89 79 3 109 62 140 31 18 54 104 45 11 116 33 9 51 76 2 118 84 66 132 15 84 147 48 85 90 100 61 77 90 5 77 50 12 129 5 3 141 152 142 145 143 12 80 119 38 105 83 97 94 104 74 33 29 49 41 137 28 91 87 41 11 132 104 12 149 129 151 75 62 77 102 124 44 40 91 68 31 108 54 114 142 81 59 65 80 61 98 24 76 90 
300 61
2 1
3 1
4 1
5 4
6 2
7 3
8 4
9 7
10 7
11 8
12 8
13 8
14 13
15 14
16 12
17 15
18 13
19 17
20 16
21 19
22 19
23 19
24 20
25 23
26 22
27 26
28 25
29 27
30 26
31 26
32 29
33 29
34 29
35 32
36 32
37 36
38 36
39 36
40 39
41 37
42 41
43 38
44 40
45 41
46 41
47 43
48 46
49 45
50 48
51 46
52 48
53 50
54 52
55 54
56 52
57 52
58 54
59 55
60 56
61 57
62 60
63 59
64 61
65 61
66 61
67 65
68 64
69 64
70 65
71 66
72 69
73 68
74 71
75 70
76 73
77 76
78 77
79 76
80 79
81 76
82 78
83 81
84 80
85 82
86 83
87 85
88 84
89 87
90 87
91 89
92 88
93 92
94 92
95 91
96 93
97 96
98 95
99 96
100 97
101 97
102 98
103 98
104 100
105 104
106 103
107 103
108 107
109 108
110 105
111 106
112 111
113 109
114 113
115 111
116 112
117 112
118 117
119 116
120 118
121 116
122 120
123 119
124 123
125 122
126 123
127 125
128 125
129 125
130 128
131 129
132 127
133 131
134 133
135 132
136 134
137 134
138 133
139 138
140 139
141 137
142 139
143 139
144 142
145 140
146 143
147 145
148 143
149 148
150 145
151 146
152 151
153 152
154 152
155 151
156 152
157 152
158 156
159 157
160 158
161 159
162 159
163 162
164 161
165 161
166 162
167 166
168 167
169 164
170 168
171 167
172 168
173 171
174 173
175 170
176 174
177 172
178 176
179 178
180 176
181 178
182 181
183 182
184 182
185 183
186 184
187 182
188 183
189 187
190 187
191 186
192 191
193 192
194 189
195 194
196 194
197 192
198 197
199 198
200 195
201 197
202 200
203 201
204 201
205 200
206 204
207 205
208 206
209 206
210 207
211 206
212 211
213 208
214 213
215 214
216 215
217 214
218 215
219 217
220 216
221 219
222 217
223 218
224 219
225 220
226 223
227 226
228 226
229 226
230 225
231 229
232 230
233 231
234 231
235 232
236 234
237 235
238 236
239 236
240 236
241 238
242 237
243 238
244 242
245 243
246 241
247 243
248 245
249 248
250 246
251 248
252 251
253 250
254 253
255 252
256 253
257 254
258 255
259 254
260 258
261 260
262 259
263 261
264 259
265 263
266 262
267 262
268 263
269 267
270 265
271 270
272 270
273 270
274 272
275 270
276 271
277 276
278 273
279 276
280 278
281 280
282 280
283 282
284 281
285 284
286 285
287 284
288 287
289 284
290 288
291 290
292 289
293 288
294 291
295 293
296 295
297 295
298 293
299 296
300 297
144 88 108 77 122 103 60 85 53 58 145 9 48 38 6 130 27 46 96 64 62 88 54 35 28 96 56 8 50 87 152 37 145 91 107 137 120 34 69 71 91 51 137 38 28 97 74 30 139 7 57 51 69 75 25 112 128 97 144 65 143 73 77 82 82 125 143 56 111 83 112 103 50 134 42 143 80 112 76 152 3 92 114 25 117 77 57 123 144 44 93 103 69 22 68 131 42 140 12 45 12 87 41 14 28 3 37 22 71 2 95 22 93 81 82 41 4 101 109 135 43 42 62 27 128 3 61 107 53 66 92 111 73 56 61 105 130 93 98 150 81 17 20 29 70 43 102 72 92 29 103 89 6 31 4 108 93 73 107 59 71 29 130 20 64 20 61 65 32 139 46 37 129 86 37 28 97 51 19 140 50 109 97 77 116 113 59 133 102 150 5 132 71 59 93 89 137 149 19 127 95 114 149 140 8 76 64 19 48 129 29 12 121 79 52 64 147 20 91 151 48 12 43 56 116 34 51 142 56 100 32 41 137 87 23 118 120 87 102 133 63 55 125 88 81 117 149 129 131 14 51 44 74 50 131 68 122 153 116 4 86 117 9 97 38 148 17 104 78 39 105 110 148 48 131 108 137 1 47 111 124 100 81 88 59 76 10 117 87 101 146 91 48 57 90 45 24 134 62 106 
300 1
2 1
3 2
4 3
5 1
6 4
7 4
8 7
9 6
10 7
11 6
12 9
13 12
14 10
15 11
16 15
17 13
18 14
19 16
20 15
21 18
22 21
23 18
24 23
25 22
26 23
27 23
28 24
29 27
30 28
31 28
32 30
33 31
34 30
35 31
36 35
37 35
38 35
39 34
40 36
41 36
42 39
43 38
44 42
45 42
46 43
47 42
48 45
49 44
50 48
51 46
52 49
53 48
54 49
55 52
56 54
57 54
58 56
59 57
60 57
61 59
62 58
63 60
64 61
65 61
66 61
67 65
68 65
69 64
70 69
71 68
72 70
73 71
74 71
75 74
76 71
77 76
78 74
79 74
80 76
81 76
82 79
83 81
84 83
85 81
86 84
87 85
88 86
89 84
90 88
91 88
92 90
93 91
94 92
95 92
96 95
97 95
98 95
99 96
100 99
101 99
102 101
103 99
104 102
105 100
106 102
107 103
108 103
109 106
110 109
111 106
112 109
113 112
114 110
115 113
116 115
117 116
118 114
119 114
120 116
121 116
122 120
123 118
124 120
125 120
126 125
127 124
128 123
129 124
130 128
131 126
132 131
133 128
134 129
135 132
136 134
137 136
138 133
139 135
140 136
141 137
142 138
143 139
144 143
145 144
146 145
147 144
148 144
149 148
150 149
151 149
152 149
153 150
154 152
155 150
156 151
157 154
158 153
159 157
160 155
161 159
162 158
163 158
164 161
165 163
166 165
167 165
168 167
169 165
170 165
171 167
172 168
173 168
174 172
175 172
176 175
177 176
178 177
179 176
180 178
181 177
182 177
183 182
184 179
185 184
186 184
187 184
188 187
189 188
190 189
191 189
192 190
193 189
194 189
195 193
196 193
197 193
198 195
199 198
200 195
201 196
202 200
203 201
204 201
205 203
206 201
207 205
208 203
209 204
210 205
211 207
212 209
213 208
214 212
215 210
216 214
217 215
218 216
219 215
220 217
221 219
222 217
223 219
224 222
225 224
226 222
227 222
228 224
229 228
230 229
231 226
232 228
233 230
234 229
235 234
236 235
237 235
238 236
239 237
240 235
241 240
242 240
243 241
244 241
245 244
246 243
247 242
248 247
249 244
250 249
251 249
252 247
253 249
254 249
255 250
256 251
257 256
258 253
259 255
260 255
261 260
262 260
263 261
264 260
265 262
266 263
267 265
268 263
269 265
270 267
271 268
272 270
273 269
274 269
275 274
276 275
277 275
278 277
279 274
280 277
281 276
282 277
283 281
284 281
285 284
286 283
287 286
288 284
289 284
290 287
291 286
292 290
293 288
294 293
295 294
296 295
297 294
298 295
299 296
300 299
9 70 18 123 45 69 29 115 56 30 117 13 109 56 138 85 119 56 130 119 65 10 53 105 73 141 75 145 73 82 39 64 15 36 108 137 139 153 65 19 59 106 22 139 73 6 5 15 45 82 5 87 27 115 152 66 96 62 18 116 131 5 47 37 62 96 147 91 91 81 103 79 65 145 141 79 118 37 144 35 124 34 39 44 122 11 95 37 44 32 151 133 34 30 47 91 58 121 147 96 27 142 23 56 64 71 149 68 9 126 16 150 37 88 116 26 73 79 19 33 102 4 93 28 32 10 135 49 6 14 125 81 51 81 17 111 26 37 112 28 77 23 84 6 9 146 40 114 46 20 76 125 15 144 45 128 5 94 108 80 69 29 39 6 69 77 13 137 109 147 25 58 102 62 147 127 85 20 48 3 13 92 38 62 114 141 143 103 58 53 104 65 118 149 54 106 36 17 111 13 63 78 1 65 54 75 80 31 7 47 121 98 52 39 6 123 116 69 30 108 138 61 45 89 76 123 90 6 53 77 147 13 126 55 66 10 40 47 151 23 45 106 50 5 17 126 22 93 102 55 56 89 95 36 104 46 19 141 44 47 47 135 92 76 95 114 70 110 114 99 107 89 120 45 51 59 137 100 73 102 135 39 23 82 34 92 90 16 84 71 108 36 111 69 45 21 70 18 115 87 
