5
100 100 100
-193 -151
-127 -142
-70 -128
144 -122
123 -91
-160 -35
-108 42
187 -97
127 -71
-160 12
103 169
-91 157
160 -67
99 78
16 -65
97 26
112 -133
10 -167
-21 149
-21 -179
167 72
-7 -64
85 -55
-172 -109
-6 157
1 153
108 144
-132 90
-76 -4
130 -97
-78 66
-51 -176
1 -147
-23 8
28 -67
98 -19
35 -187
65 14
63 -64
25 -131
-85 -106
-171 -99
-83 -5
-95 -196
51 98
-12 123
105 -118
152 166
116 137
-162 144
101 -103
71 28
137 -42
177 197
94 104
-191 31
-55 -25
-165 98
-58 199
168 -188
60 157
194 -192
195 168
113 -70
6 -38
142 -35
-118 52
167 21
-105 112
-129 101
-10 -169
138 57
-184 -10
-160 79
-65 6
172 -102
95 -81
54 -177
89 160
-95 -74
-77 106
13 170
-162 94
20 44
166 -66
-174 -6
-37 138
44 190
-50 159
23 -53
-15 -183
-128 139
-153 185
96 -115
23 -180
-56 168
-65 115
-175 134
-158 -189
79 -48
100 100 100
-156 -105
-182 196
-108 15
-9 -167
69 -3
153 -53
25 -190
-138 11
8 -23
161 25
-65 68
195 176
167 39
74 -69
-44 101
-128 -40
-106 -16
-45 -11
7 -185
-7 169
-120 55
-145 106
-37 102
76 108
-151 131
44 -162
-192 197
51 -151
-197 -69
-69 -186
19 175
-191 -20
129 -177
-146 60
137 145
-83 125
0 56
164 -3
48 -96
150 150
176 12
-46 197
-96 181
148 65
-22 -101
9 129
-47 83
-153 7
173 -78
105 176
-147 -176
30 166
0 -156
-30 85
16 98
-45 133
157 -24
178 66
-43 -89
78 14
-181 -63
133 -9
-80 162
33 -3
-169 -12
-11 -127
-123 -96
-42 -200
-146 -40
-85 147
80 -70
155 -54
107 -162
-200 -74
35 -143
113 -86
193 -40
154 -182
-43 -15
-71 15
-37 -98
-83 43
19 -33
-53 -131
-5 -97
-127 103
-52 185
-142 59
6 130
24 132
-27 -197
-103 120
150 -169
-120 3
100 -80
-67 -142
3 76
-50 134
180 79
32 -26
100 100 100
149 -58
49 171
110 79
-17 170
-160 123
-150 -29
-171 118
-54 99
-170 -179
176 -76
44 -42
-104 171
64 160
-2 151
140 -97
151 -199
-195 80
-182 -126
-151 -187
-80 25
-188 -17
188 -83
-192 150
-76 195
-143 -89
-110 66
-190 -7
-47 165
-40 142
3 152
-93 -59
-90 -200
199 127
-29 -13
-186 -175
41 117
-52 42
115 174
45 -27
20 111
-161 54
-95 -71
53 -11
166 156
-96 60
98 192
-80 -84
180 -133
-48 -61
98 -99
-189 16
-109 71
-72 71
-139 45
120 40
158 53
-173 -50
-89 163
194 133
-73 27
195 131
42 116
6 -85
-76 1
97 61
103 124
-92 -64
81 15
-90 -184
105 173
-19 120
191 169
65 27
136 128
125 184
-33 149
-124 -154
176 66
67 -80
-16 191
-190 -142
11 144
118 -82
134 -175
167 89
18 14
25 -82
-172 29
-166 127
-160 -46
-60 196
-65 83
-152 -135
11 -148
64 76
-163 75
45 110
-185 -8
110 147
37 -101
100 100 100
-153 -85
-107 179
129 164
179 101
125 89
-42 -167
0 89
-130 -183
-154 38
143 138
136 -79
-81 -104
-153 -12
159 187
35 -165
112 -116
189 -16
-66 67
-81 15
45 176
61 25
-181 -169
-97 98
198 39
-196 103
79 165
-9 -93
-76 165
121 -146
106 50
-97 -168
32 -59
-146 177
17 100
-111 65
147 -178
79 -83
116 -152
162 29
39 108
103 57
161 -48
66 21
-43 -4
-45 -70
94 155
21 -88
93 27
32 44
191 -2
152 -144
170 103
39 -86
-1 166
35 121
-157 152
-114 -81
150 -190
23 69
-195 143
-89 -169
192 16
99 -29
39 -30
36 91
-143 -167
-72 -23
-190 -117
176 89
-109 -166
111 -96
26 -109
190 -78
-36 -110
-116 -187
41 127
-21 -16
-63 70
161 -19
-35 2
-68 -68
54 -41
47 177
-138 10
19 -50
-23 -59
36 120
99 -88
159 156
190 -48
-152 14
44 -82
-50 -99
-105 21
-69 -99
45 -39
-143 110
128 -195
-27 -63
-131 96
100 100 100
-97 21
75 -82
100 -111
62 -146
63 43
-111 -150
135 15
-36 -106
-37 -42
-148 92
-84 114
20 -140
50 -32
141 47
196 187
-99 34
128 -29
48 75
-147 71
-71 93
-81 71
-180 -36
79 30
-190 -120
-87 -58
-62 182
-156 -172
193 175
-20 0
196 147
-30 -113
-57 133
-148 61
-176 -200
180 178
57 23
98 14
-155 -138
-91 10
-151 -182
-110 55
-57 -45
185 -66
75 -79
151 -174
-149 -141
183 114
-163 79
-102 -100
137 85
78 84
142 -85
160 67
140 107
166 128
-38 163
169 -110
23 78
-87 -39
10 -160
-22 -200
-6 -93
-144 -49
-14 31
-56 139
176 184
52 -92
114 54
19 28
71 170
63 147
-176 -57
-146 -192
-19 -48
88 -37
159 19
-21 -44
61 -113
153 99
-12 44
80 -134
83 -126
36 -91
-33 34
139 -116
-149 149
-134 67
-90 189
127 -27
181 -105
136 74
35 31
-28 28
-2 70
-13 97
89 46
90 -89
12 63
-88 -19
151 -170
